1	8	2.366000
1	16	2.265000
1	42	2.375400
1	43	2.263000
1	46	2.476100
1	89	2.571000
1	100	2.318900
2	3	5.320600
2	49	5.409800
2	57	4.452000
2	69	4.073900
2	71	4.122900
2	96	4.163900
2	98	4.333800
3	5	10.048500
3	40	7.706000
3	49	4.703800
3	57	7.720900
3	76	8.020900
3	99	3.148500
4	23	5.240200
4	34	7.448900
4	43	8.208500
4	50	5.331300
4	80	7.540200
4	90	5.683500
4	97	8.210000
5	24	4.624300
5	40	6.707500
5	49	5.698300
5	57	13.053600
5	58	3.031000
5	76	5.239100
6	15	5.397600
6	21	5.857600
6	33	7.747200
6	40	5.553900
6	41	9.798300
6	77	6.994500
6	90	6.270000
7	28	5.308900
7	34	7.963800
7	38	5.263100
7	39	3.519400
7	69	3.515200
7	89	3.799600
7	100	3.300200
8	14	14.521100
8	17	5.307300
8	46	13.437100
8	67	6.876800
8	85	9.586000
8	90	6.376500
9	16	4.839100
9	59	5.714800
9	80	4.635400
9	89	4.150800
9	91	5.485000
9	94	4.777100
9	99	6.656600
10	72	7.555400
10	73	3.691200
10	79	4.288900
10	80	3.744200
10	86	4.360900
10	97	4.029000
10	98	4.435200
11	31	5.288400
11	36	4.897600
11	52	3.895400
11	54	3.482000
11	82	4.047800
11	87	4.541100
11	95	17.700200
12	35	3.705100
12	52	3.106600
12	70	4.627000
12	71	3.026700
12	72	3.180500
12	86	3.767600
12	96	3.683500
13	28	5.779000
13	39	4.198300
13	60	7.043800
13	91	4.349100
13	93	4.528400
13	98	6.316800
14	21	7.840200
14	38	4.749000
14	46	21.752700
14	67	8.602300
14	85	5.199900
14	90	8.079300
15	24	10.869500
15	33	10.156400
15	41	16.846800
15	47	11.762100
15	71	12.211200
15	72	7.661900
15	86	8.211500
16	52	4.747500
16	91	6.633800
16	92	10.437300
16	94	5.267900
16	98	7.652500
17	34	4.290800
17	46	4.931700
17	73	5.708200
17	90	4.273900
17	97	9.382000
17	98	4.492500
18	22	3.302400
18	25	3.458200
18	34	5.237700
18	59	6.249500
18	91	6.132600
18	97	7.493500
19	20	6.669300
19	25	8.654900
19	53	7.427100
19	54	8.125400
19	62	8.757900
19	64	6.716900
19	92	7.072400
20	51	5.987600
20	54	12.379400
20	66	6.831100
20	87	5.544800
20	88	8.795000
20	94	6.827600
21	46	5.325000
21	47	4.399700
21	67	5.020900
21	77	5.378200
22	30	3.835200
22	34	5.082400
22	37	4.971900
22	49	6.381500
22	72	4.395800
22	97	5.787200
23	28	9.473200
23	34	5.637900
23	43	10.181900
23	50	10.297000
23	73	4.886600
23	90	12.563500
24	33	13.426000
24	47	10.362000
24	64	31.371400
24	65	12.871700
24	68	20.669000
24	71	10.612900
25	52	10.022500
25	54	8.958800
25	75	10.654200
25	81	10.392300
25	96	16.759800
25	99	11.847200
26	30	6.198300
26	52	3.982500
26	58	4.022400
26	59	5.333800
26	66	3.935800
26	83	6.407000
26	95	5.190300
27	51	4.433300
27	52	3.364200
27	79	5.914900
27	87	3.921800
27	91	7.529400
27	92	8.992100
27	94	10.401200
28	38	4.390300
28	50	5.386800
28	81	3.646400
29	44	4.246200
29	48	5.135200
29	70	4.159300
29	71	10.248600
29	72	5.461500
29	82	3.760800
29	96	4.502600
30	55	5.557700
30	72	3.977500
30	78	3.975800
30	84	3.986800
30	88	3.975800
31	64	7.981300
31	68	10.039200
31	82	6.221600
31	92	6.660800
31	94	4.444200
32	33	6.937500
32	47	5.242200
32	64	4.777600
32	65	8.898300
32	83	5.412300
32	86	9.830200
33	47	14.324700
33	65	14.114500
33	71	17.095700
33	77	23.586100
33	86	13.433700
34	57	5.874100
34	97	11.936000
35	41	3.968300
35	44	3.895300
35	55	3.968500
35	82	5.599500
35	84	3.827300
36	52	5.425700
36	95	4.350700
36	98	5.147000
37	51	6.511500
37	54	6.719100
37	78	7.897600
37	79	5.090400
37	87	8.762800
38	42	6.652500
38	43	4.952900
38	60	12.889000
38	93	5.945200
39	89	6.095900
39	97	6.820600
40	41	6.296300
40	72	4.651100
41	47	8.538100
41	71	18.740600
41	72	19.730300
41	86	10.047100
42	43	3.944500
42	60	5.246100
42	93	7.025100
42	100	6.361600
43	50	8.861500
43	73	5.560600
43	90	13.162100
44	53	7.984300
44	62	11.250800
44	69	6.202200
44	70	5.218800
44	84	7.803300
44	96	11.602900
44	98	4.870400
45	54	4.674100
45	55	4.104200
45	56	5.483400
45	66	4.098600
45	70	8.567100
45	82	4.307300
46	85	6.397700
46	90	5.288300
47	65	8.746200
47	71	12.877300
47	72	9.242500
47	86	13.309100
48	51	3.502000
48	61	3.656400
48	87	3.505100
48	89	5.940900
49	57	6.076700
50	73	4.931400
50	80	4.776300
51	55	6.811200
51	66	5.057900
51	78	10.402700
51	88	10.402700
51	98	7.392000
52	59	7.095800
52	92	6.579600
52	97	8.733700
52	98	8.578400
53	62	14.568400
53	64	6.100000
53	87	3.299000
54	56	8.287300
54	65	7.580000
54	78	8.505100
54	99	9.584300
55	56	6.945600
55	79	5.418800
55	84	18.788800
56	66	9.143100
56	78	8.233600
56	87	7.537900
56	88	6.110200
57	89	8.549100
58	72	4.436400
58	86	5.255400
58	91	4.633500
58	96	9.427400
58	98	5.345000
59	89	6.521200
59	91	5.192700
60	89	4.726000
60	93	10.335800
60	99	6.462100
61	80	13.594200
61	91	6.742800
61	92	8.052600
61	94	7.189100
61	98	5.109200
61	100	12.433900
62	64	2.135000
62	82	2.099800
63	69	3.071600
63	74	43.747900
63	84	4.130200
64	68	87.182700
64	79	15.271200
64	83	10.183700
64	86	15.527300
65	71	9.310300
65	80	9.956300
65	86	26.276900
65	90	9.310300
66	83	6.993600
66	88	6.993600
66	92	6.500300
66	94	8.834800
67	85	10.088800
68	70	8.643600
68	79	7.753100
68	86	13.555600
69	83	4.161100
69	84	23.254700
70	75	7.305700
70	79	4.666200
70	82	4.666200
70	96	24.377900
71	72	21.360500
71	86	11.779300
72	82	7.411000
72	86	10.197000
73	90	5.388800
73	97	5.133800
74	81	2.398200
75	80	4.531400
75	96	5.156900
76	89	9.473300
76	93	4.671200
77	84	9.112700
77	86	5.175800
77	87	4.248700
78	87	17.898600
78	88	91.370500
80	89	7.647600
80	90	5.902100
80	92	6.422900
80	98	9.475200
81	92	9.222700
81	94	6.110700
81	98	4.342800
87	88	17.327500
87	99	6.092900
89	93	7.707500
91	92	8.300400
91	94	7.406900
91	98	8.017500
92	94	45.830400
93	99	7.898100
93	100	7.460400
94	95	9.861500
97	98	17.816600
