1620
1777
6352
99
3404
6733
6382
4477
8283
3185
789
1336
8560
7360
4745
9077
9070
5357
3362
4511
2569
3452
5853
3476
6033
8216
5175
4249
5361
2042
6984
5445
4428
4883
5979
1311
651
1877
7034
10115
7064
4434
2330
3289
7875
5643
1602
1511
4043
1643
3805
3253
5711
3779
4481
5444
7117
1861
2297
4547
5224
4186
7544
7148
4691
1306
1486
8147
9973
5718
1493
6358
7759
8268
5311
6140
3274
2273
3047
3365
4534
7739
6767
5641
5346
5554
1607
1934
449
3277
820
2035
4885
1903
2605
3616
10088
4297
6930
10051
4204
3951
2863
9965
7390
1574
7636
7725
965
1592
3474
1828
6800
5888
2889
3236
3513
9635
460
1644
1468
6387
9904
6992
438
8026
5905
1405
9095
1774
8872
3950
336
2853
1860
8918
4669
4478
3630
3254
6276
3282
1270
1686
3549
9920
1959
147
1818
629
4646
2556
4462
7712
4975
2343
5631
3584
6134
4461
4253
5302
8602
2163
5430
1783
8212
8613
4891
1233
40
9184
6428
4533
7628
8339
7499
1224
9962
9235
6164
8046
4479
1856
2267
2807
5101
880
4262
4881
4504
3846
9195
2078
3658
910
3049
4855
787
6069
6109
8102
10028
2897
8877
1399
3620
6146
3501
57
2640
7887
4607
2281
5678
1725
250
5507
6091
881
4426
2641
2900
3734
3930
60
2073
2819
5551
6522
3181
2128
4368
685
2642
8338
9350
3771
1946
7319
6260
3572
4159
2245
1012
8476
4593
909
5660
4604
622
9637
1963
863
1341
9193
2736
4106
234
3894
3904
4852
9834
1857
6143
7795
4326
3293
729
5845
1120
1231
3526
2173
8227
1198
4052
6554
7418
5428
1368
5898
706
1637
7888
9379
8897
2074
8715
7321
8652
3334
4181
6689
1526
1535
3205
2067
