7402
9367
5416
4438
5549
2217
7474
9705
7787
8088
4435
4864
8190
8472
5565
8450
7755
7383
5930
9476
7844
6638
7454
9790
7378
6051
7996
5483
6997
518
2043
4439
7046
4188
8352
4949
1639
8773
7257
347
7207
4813
3600
10056
2278
4673
5008
9984
9028
8761
5635
6853
5684
7486
7333
4520
4437
2117
6215
5287
3959
9385
8135
7351
3891
10129
9604
7332
4245
5578
6224
6823
5710
3154
5906
5351
5849
10021
9716
4930
7
5388
3153
6845
7988
3427
4918
6446
744
10216
1253
7264
7653
9442
6778
9626
6341
6083
4940
5953
7152
3465
6728
3638
3174
2216
3348
9930
7804
6705
9263
6494
7856
9046
10026
5921
5493
9037
9205
5589
7146
3331
8344
8817
423
8062
8787
6802
9762
8743
9775
7867
7885
8293
7845
5994
10023
1581
8826
10109
2152
8018
8589
8561
256
1506
8854
9309
7187
6598
7201
7652
6371
8550
8132
9315
29
7745
2349
8511
6096
7298
7469
7183
7222
9828
9178
5533
9335
8
4193
9016
5662
6017
4836
9587
301
8735
4828
9310
4651
6108
4655
1808
9475
868
5812
1002
2667
8567
5698
3064
8464
9443
4485
8117
3292
8038
4247
8008
6193
594
9300
6223
6569
8455
6913
8252
5269
7985
8833
9434
6141
5799
2498
6873
6315
5394
10089
4335
730
2777
3134
10208
1748
7020
5402
9334
3539
7213
2662
8202
7198
72
5352
348
5321
4650
5178
4620
6241
7922
9998
8813
3920
5527
7150
6250
4230
8089
5499
2831
8967
8828
7900
3726
3278
9217
5585
10201
6550
9390
8628
5495
3529
3960
7654
4139
3466
9264
10188
8176
8678
1382
1900
3743
8405
8798
9841
8709
5228
3919
3090
6616
9568
2616
6373
7420
6612
5190
889
7859
5232
3095
8041
1590
826
1779
7277
517
8345
1977
7641
6481
4138
8440
3161
7687
2905
9413
8423
6034
4958
8145
8534
1459
9842
1928
1403
8792
6713
9131
9617
8390
2966
9213
7166
5284
5551
8674
3150
9603
7906
2942
5197
7329
8952
5479
9386
7871
6622
9036
7530
2638
727
4846
7282
7780
5220
5185
3389
1702
10016
7846
4585
5480
7078
84
4839
6025
10074
9845
2284
3259
193
2177
5166
9634
8870
6093
9471
9076
6630
9095
10130
3632
7658
5901
1802
6496
10073
9459
9000
2184
9951
4117
7471
3089
8558
9265
9797
5474
8940
9572
9204
1381
2866
8977
7688
5314
5163
6568
3731
9747
5211
8631
5051
4612
7434
8825
9010
5581
7837
4284
7693
3753
8637
10081
4554
7115
489
5399
5678
6738
9602
