7975
1696
8218
6697
7097
4350
6133
10118
1776
2785
4876
317
9508
7728
8844
10062
3950
9147
4844
3827
8387
6456
7137
2556
4099
4140
1016
879
5236
8449
3158
212
2541
6843
4057
1758
5023
3808
5604
8047
9228
3257
2469
4889
1464
3758
4557
8998
8966
3774
5663
4791
7328
2750
6693
391
2462
3228
1579
7165
8127
4574
4896
6327
4859
6264
5633
5345
7017
6684
6054
4875
3515
6824
6330
7064
5645
2577
4739
5798
3706
5651
4621
3918
5650
5586
9967
2936
5893
4957
5820
7774
6111
3870
5643
4500
6549
7870
6476
9394
4298
5823
8179
2852
9256
8121
7806
2272
2360
5711
7206
8813
5642
6144
5810
5729
5672
168
3466
7598
5612
2757
2437
9230
390
6962
8877
2330
7096
1874
6475
4616
6663
3744
4882
8565
3048
2292
6511
3191
4993
7091
9409
8385
5358
5742
4340
6435
7307
8982
8887
8340
6737
2009
10149
5792
739
6415
6036
141
4410
6664
10000
6932
7519
9817
7334
10135
7007
4888
9235
5644
4588
5291
7617
8723
6919
3878
2460
8255
7283
9110
1526
8268
4358
91
8312
6894
7442
5748
5677
6508
8322
51
7116
3195
10121
1386
707
3116
6156
2420
6369
8394
6249
7342
8872
9615
4553
2123
7761
7306
5816
4998
6390
6505
3616
5652
5042
6966
240
5308
9466
5764
2080
8501
5320
5564
5657
10189
4831
2365
3573
2784
4345
5428
7962
9549
4669
3417
6950
9621
6387
4431
2016
4850
116
8172
6879
2619
5235
8653
5556
7888
4306
1071
3615
5715
6285
1435
6731
3414
6949
4501
7401
3854
2273
4819
6665
6599
3502
7865
5371
5272
10037
6555
1594
8784
8230
5611
7467
10033
6742
9857
7061
2045
4817
7496
8917
5653
5744
384
6948
4961
298
4615
8360
171
2106
2356
8196
2562
7381
2490
6298
5227
2968
7710
2899
4334
7003
7123
2271
5243
3409
5655
3412
758
3932
2314
5856
8013
3648
7263
9324
2339
6404
4241
7296
3335
2791
6604
1653
7320
5745
7574
4304
6719
7645
3254
5115
5746
6685
8193
6375
7098
7366
1203
2567
745
7095
9752
8495
3199
5869
375
6710
3763
6868
2158
8571
4757
3609
5087
6031
10077
9244
5136
4106
3500
9558
7438
2908
6782
4787
7396
4473
5143
6189
4832
4488
1255
4177
10190
2449
2367
3291
10093
5141
5264
4060
8926
3658
4507
1313
5791
6053
3316
3915
5174
5360
6102
4253
3585
6629
1987
619
1508
5126
5250
9448
2494
4765
6208
9119
1485
5012
4551
2407
9720
4789
6386
3317
5646
1558
9326
6200
9090
4720
9323
6904
5739
3794
9151
3682
2727
7100
1898
7709
1051
4790
3051
5433
6479
2369
4285
7815
9921
9671
7168
1124
7397
6760
7913
5801
9194
2008
9289
155
4502
10094
9979
9680
1973
7767
7784
2408
3358
5187
5640
5728
9109
7065
7135
3074
4807
7579
2673
6398
6827
4849
3338
3879
6162
48
7661
448
118
10005
6251
3323
2552
4001
2461
6194
3595
5165
3598
10110
8367
2146
9958
6765
9988
3052
4960
3880
6221
2103
3690
1734
4780
5587
2148
4142
8579
9902
5605
7523
7101
4740
3421
4873
5738
1444
1389
1945
6397
2331
10175
4680
7164
7573
4756
5344
9608
2448
8116
4571
6790
5486
3269
3751
5092
3633
3739
9872
6366
