9878
8468
7671
157
8682
3876
6157
9529
6008
8223
8890
7679
9183
7524
8455
8949
2138
8450
8759
8676
3384
9121
9283
7265
3579
7230
8327
9430
7882
9882
9057
4738
5936
6153
5091
1706
1262
3331
216
1754
5160
5790
9059
8695
10104
1713
8777
1580
4867
6457
4695
9582
4694
9940
4650
5809
8477
4332
6886
5539
7322
9286
6909
4823
7431
10194
3881
9864
7362
4862
7666
6353
6679
5822
1100
4763
1002
5319
98
8797
5958
9435
6884
9269
9001
2059
6408
6597
3578
9246
6776
8165
7501
8311
1345
7565
5077
2054
5232
8696
3657
6548
6097
7134
7856
8761
7616
9424
911
67
1973
7419
3259
9705
2983
8988
1396
6744
8263
9873
3656
8066
5300
4648
9524
3319
8555
2729
5774
541
3807
9331
4449
9288
1584
2938
3325
6707
4301
6347
9153
2867
10057
2792
9674
6333
4764
3408
7199
10199
6791
9004
9395
3900
8719
10204
7294
8524
2670
6240
6983
4166
7878
9092
4211
8454
7070
8780
10009
5688
9534
8232
5860
9078
784
10102
2060
2866
8847
2959
9436
9341
9035
7549
8124
8242
4630
8930
8950
10165
6377
9851
4445
5388
4324
7083
10146
4858
2572
7619
8607
4004
5545
9793
1799
8659
7272
8231
9660
6251
9636
1904
9748
6919
2706
5928
7397
8320
7798
4396
2269
9375
2347
8707
7411
9192
8753
7968
893
8644
8282
7334
4371
8766
8611
4785
6131
8597
8160
2932
9008
3619
1900
10072
8666
9554
3495
5477
6621
929
7618
5731
2980
2694
2303
7853
118
113
6921
242
10147
997
7302
9707
8886
8775
8587
8570
6804
9460
9346
9613
647
3345
968
6653
9697
1133
2362
2636
7526
3970
8694
4905
4830
3021
2571
