7607
2836
2263
2622
4598
7593
8531
4613
7762
5679
1935
7823
8630
5047
5754
3469
4908
3611
165
1757
9881
5943
2068
4874
7714
7103
9648
8549
394
6320
4227
4989
6318
9693
6624
1430
8836
5773
7537
9766
4868
7542
7813
8069
4486
8129
6513
3798
9750
4714
7662
8002
9372
10008
7648
2312
4147
9807
6087
4942
9673
9787
9347
5029
3771
6525
7516
5441
7161
2834
7613
2509
9034
5316
6182
8541
9994
9469
9754
9098
6000
9751
4383
2027
7318
9212
9876
9814
7979
8282
3202
6882
9099
8961
6161
5694
6543
9106
5554
6050
1481
8613
7553
6996
9961
7998
9038
9493
3349
7327
8824
6822
6160
1549
9923
8924
7280
7340
9060
5022
8928
8829
10207
9811
4995
6601
8157
3877
3543
7723
8641
8046
8412
10080
5865
9662
8063
5851
7765
6175
7482
1589
9025
6385
9643
7343
7202
34
6989
9502
5274
9210
3413
9070
5451
9108
8801
6933
4233
10068
1400
4224
9898
8680
8500
4349
5976
2892
8609
8862
6739
8997
1534
4104
9996
9515
10012
9505
8931
9389
5445
3845
1868
8545
9874
6922
5617
6741
7227
9779
9166
7561
6021
7831
7419
9659
6807
6002
2628
8698
5118
5215
7624
9088
8368
9753
8386
6865
3812
4564
8220
9520
6255
9211
6029
3612
5108
8793
4661
6654
938
6941
6806
8987
9272
2352
9473
6759
9875
28
8264
7255
8884
7465
9240
4491
4639
8164
7821
6981
6565
2657
7720
2229
3674
8790
3799
8548
9506
6332
7073
9185
9575
8044
6079
9892
8727
8911
9577
2447
2817
9952
6516
8007
6301
7373
9859
6880
8837
7149
9103
4609
5629
4589
7330
9949
5165
8508
7786
8329
6838
5607
8734
7816
8991
7822
6798
8489
4607
4596
5720
8366
5631
8546
5280
9301
7812
4757
5043
9843
4027
9188
4482
4803
9829
6653
8292
2205
7066
10085
6383
8597
5752
6926
9677
8627
8979
8938
6944
6020
6796
9846
5574
8927
9472
5721
4927
10198
7248
5439
9184
9744
9774
1091
7204
6317
8323
4054
6450
8751
1870
6434
3745
7731
6451
4866
4899
7021
6907
5041
5705
3818
6820
160
7427
7426
6935
9763
7267
7580
9582
6507
4265
7352
9968
7835
6424
5340
9975
8919
5678
7837
8505
9689
5895
7688
7693
7942
3558
7434
8453
7394
7692
8024
8556
8158
4717
8752
7546
8661
10081
7176
5885
9538
9010
4384
9623
7115
2450
8637
86
8870
9865
8781
9845
6533
4839
3676
724
10016
9752
2393
9095
6529
1014
9204
5166
5018
3389
1802
2942
5581
7282
5879
3373
1702
9171
7846
5602
8235
7166
7274
9048
9797
5372
7871
6426
8417
193
8704
8952
4554
5961
5551
6627
8440
665
2988
1679
6545
9840
6713
5701
5197
9451
36
8990
6531
8558
7829
6373
6034
9071
3033
2379
8031
6841
9413
8447
9951
8176
517
9213
9341
