2409
6834
6042
8449
3158
3392
3788
24
7335
6613
961
8376
6499
5457
5133
207
5453
7907
1218
8260
8306
8858
7591
9953
3219
6774
6591
10151
9550
7639
9564
2135
1832
8010
215
9031
4616
1989
9839
2026
7261
5281
7548
6973
5686
7699
9412
9508
9408
3183
7371
5194
5987
8750
6294
7610
8310
9985
36
2355
66
7605
5805
8929
7637
6374
8783
4884
2462
7235
2452
8646
7995
1562
7131
4350
2861
5305
7354
1822
6673
623
7382
4567
3571
5830
7887
9306
7645
6503
5271
4749
5062
6527
740
3197
9305
7518
8410
7140
2387
9094
8213
3209
8289
6746
5595
10215
2873
4795
9731
10217
9176
173
4031
6574
9964
9546
1340
5349
3890
8426
9541
5916
3225
240
62
7567
6458
2492
4307
8607
4446
3186
7538
2570
3754
4217
6442
6450
6291
7870
7529
2268
3310
68
9999
1646
6904
480
6263
5476
10082
1979
6903
4180
7623
8840
5709
5330
8030
5616
8827
4726
6678
7968
1714
8175
4389
3110
8526
2923
1567
3130
5557
7167
3601
2852
3661
6495
2729
3317
10022
781
1313
5066
9061
1375
8206
8612
1374
8594
3255
1165
8411
4009
8051
9743
10126
948
3566
8421
1009
5116
9611
5719
8751
4138
5266
8272
6090
6920
6645
4971
8808
8277
9849
8950
6267
9606
7669
6365
9422
9540
6478
3541
5372
3582
6643
6699
78
8740
6394
4902
6945
5195
5293
9429
6840
2312
8693
8279
8649
9444
7478
1555
5984
5871
5143
9356
7380
5218
7967
9588
3592
1227
5355
9404
4262
7258
6463
8778
4210
9884
7921
7049
1542
10040
5797
6228
8553
8888
9460
8576
8591
3055
9024
7018
3873
5766
9417
8908
2578
4308
9008
9730
4283
9320
8739
8355
6421
7910
2481
4912
7168
4144
7389
3076
8917
549
5904
8774
7410
2552
8894
9957
6475
7100
8683
2862
2073
2616
7604
3410
3088
9415
9449
9462
9629
246
6801
4703
9139
7592
2353
8610
5706
8297
4619
8844
2447
4312
6744
9454
8032
1367
8907
1140
5723
7721
851
5798
7107
330
9787
4730
871
9848
3643
9109
9518
9500
9288
4747
6526
5949
123
8901
168
4095
8804
8504
8575
7141
2388
9039
5097
7777
7943
2028
9691
8752
9704
3546
6995
6284
3496
9345
9461
5311
3603
9866
2807
165
9803
6799
3235
5283
10162
130
1892
8622
1510
618
167
7251
9933
236
9580
10155
8458
8727
3169
5788
503
8691
7110
5096
3768
6590
