9583
8705
2135
1221
5158
990
5349
5663
6527
9441
5523
5996
8284
5772
413
8156
9955
3135
3003
5453
3219
4872
8852
7268
2901
6696
6694
9207
8097
5085
5756
8733
4801
6949
6756
9837
7528
5508
6667
6183
7742
5998
4124
10140
2433
4810
3602
7591
6615
4929
10103
9528
4910
9218
7800
8499
9938
10032
9282
6748
7706
7355
6574
9877
3391
3637
9423
8935
4917
3016
8393
2045
6980
9228
5294
7380
4853
1067
2364
2205
8740
7169
8378
9699
30
6812
9352
4632
7098
6484
10139
2458
8294
269
8174
7860
8590
6751
161
8457
8577
9943
6095
9494
5615
4902
6730
2874
7890
6161
6936
7458
6771
4953
207
5708
5806
4491
7018
5924
4726
8594
8043
9840
7274
8906
5871
9799
8328
3985
6780
2994
10167
3754
8279
8911
5168
5839
6465
8196
8467
5258
6345
1974
5475
2231
5770
2199
6716
5856
6840
8856
6953
9931
10105
3473
6124
6530
4666
7816
6503
9250
9932
7993
9952
7545
9913
7809
5873
892
9053
1555
8913
4201
5657
3373
4255
8578
6390
10127
2230
8029
4098
1949
6957
6458
5424
8054
8197
9199
5356
2750
5242
6049
4177
4971
2264
2053
7435
9918
2595
2617
7269
8883
4817
6818
4980
4323
4840
3449
2018
5919
4915
7406
5478
8395
5789
6645
9082
5791
4788
4601
4570
9862
4703
6592
10076
391
7526
5065
7084
9697
9706
8810
2860
9460
2673
8694
8184
2886
2563
2904
9390
8073
7637
4584
9664
5529
9377
7065
9501
9507
6612
6934
4888
7525
893
7968
10037
5709
9033
5014
6919
4719
2475
6401
6827
4707
6132
9739
6412
3276
5945
2453
4593
8707
8109
5739
9091
1374
8495
8320
2193
6738
2380
3130
9793
4670
4819
8401
7195
7397
6444
5545
8518
9848
5419
8607
8664
4301
6974
6882
4022
5420
2269
4597
5560
1670
8950
6251
9674
9436
1142
9563
1060
8659
7160
6235
237
9989
9509
8425
8996
7769
9818
7422
2517
10162
5388
4228
7199
8319
3619
