2835
313
6360
3318
5267
5112
6253
7391
5035
6283
2582
7147
3349
9956
8205
5509
4318
6136
4683
9198
1431
9245
4874
4131
3406
2418
3580
2114
8229
9401
8329
8669
5755
4945
5543
6067
7336
9639
8397
2991
3542
2156
4927
4812
6990
9597
4486
7318
8037
8738
5695
6484
6968
4703
6988
5865
7989
5833
3068
5300
1147
27
4707
7385
7634
9586
10087
5544
5824
7327
2950
9547
9393
8341
7033
9313
7971
7246
5943
4083
3984
9502
9340
8791
4900
6002
7398
2509
2133
5563
8474
4376
6595
7984
7894
9642
2992
7066
6320
5032
7990
10050
9898
4710
9980
6355
5902
3709
7917
3277
9489
3413
9776
4523
2577
8855
7818
8921
3026
1972
5324
6923
9710
2565
5193
9343
8105
5864
2902
8039
9060
2110
5183
6721
2468
7801
6849
9208
8157
5699
5607
4560
6104
4046
4258
7162
3740
2243
7156
2814
9990
8500
9665
9585
5191
10080
2576
6691
5446
8354
4444
7783
9789
8308
9348
4664
7223
6121
5694
7979
8664
6214
5205
2081
5937
7157
6635
3705
6050
2242
9887
9163
5161
2332
3911
7867
9351
9496
7886
6652
9728
9974
7514
1260
4224
4609
9599
2229
2432
7282
4746
9826
2328
2404
9712
8368
4942
8823
4868
9678
9344
9935
7843
6540
7464
3707
6560
8818
6987
7970
9487
8931
224
6440
5452
5328
6649
5532
7127
7087
1400
31
4827
8064
10170
9141
7655
2218
4319
9607
4705
6034
3347
7313
5441
3667
8699
7407
267
8912
3540
9944
6619
386
3844
6822
2990
7375
8923
5994
7495
7705
5063
87
4526
4027
10049
9824
6332
2628
2949
2420
5702
3177
4600
4780
3403
6329
2265
6716
7538
5608
5877
8533
8165
8386
6761
8456
8978
8794
9562
6372
5619
79
3986
7402
6914
5454
4597
2896
2900
2981
10053
9740
7208
9811
5630
8418
9624
3996
10163
8667
9810
5940
5442
8780
2200
5276
5362
3091
9180
3078
9045
7630
6859
518
3230
217
9349
8789
5597
1977
8979
9907
9906
4611
6576
2815
3747
7119
502
6818
7440
3725
50
6242
5874
9773
2478
2374
2172
9638
8928
6701
6788
6754
10070
5753
8395
8191
5917
7860
9713
6752
9866
9888
10220
3985
8408
7387
2781
6027
2
7088
4578
1259
8467
7062
120
26
5310
6864
6383
8383
4591
8965
5852
4265
6819
8251
9701
6294
6759
6443
5119
7898
7845
7942
4220
6319
5573
8328
5303
3895
3333
8568
3247
3405
9084
6516
2354
3373
7191
7058
6226
8224
2268
8746
5717
2352
9528
4078
8378
9934
8906
9739
7580
4788
9134
9538
7225
4607
4162
7494
6934
2590
9191
7510
9975
5212
4223
3745
2572
5871
8881
7604
5574
5814
7841
2472
2082
7579
8437
10032
9651
2802
8995
3450
2620
8847
3469
5576
5327
6238
3704
6783
159
8624
8124
8453
5340
8199
8407
6063
8054
6589
5697
3602
6018
2954
387
4568
7229
5464
3655
5787
8795
9871
4323
10219
8492
7657
3714
6921
5843
1760
86
4190
6602
6688
8073
6486
6488
4850
4684
121
9042
8737
6482
6235
2190
8343
6607
2397
4702
7077
6820
9987
2793
3832
4047
872
5387
7619
6328
3156
4324
3129
2393
6426
2921
4980
2467
4895
8475
1906
5463
4929
2915
7144
6367
8768
5581
9500
5796
4973
5929
4803
10158
8469
7445
1899
7901
6410
6785
9772
4406
3170
9574
10086
724
6531
8100
8372
8845
4741
6917
7082
