3804
4173
35
4784
5844
4076
6088
8914
2916
9769
4024
3793
9426
1178
5649
2651
5837
770
2482
2633
2010
1845
3556
7037
3685
9721
9556
10067
7338
8614
1168
2583
899
7009
9331
7211
4077
7209
2920
1844
5164
987
2529
23
343
6351
8424
401
9376
1145
4424
1563
402
4636
354
6252
2610
2940
5558
5004
364
9196
4758
3865
4075
8658
5781
6427
9736
2631
6362
2196
769
9410
2878
5674
4079
10058
1897
2403
3029
1504
6825
3382
9609
9756
4549
3486
3869
4160
198
522
1666
9391
4019
8536
557
3729
492
6206
7991
5614
4171
1248
2937
7590
8925
3002
6614
5448
5540
5944
1141
491
3849
2586
7895
9746
8167
6417
3441
400
6901
2911
9392
2987
2993
7681
2504
8128
1588
8703
9504
262
7919
3861
3491
5692
3000
2584
288
8020
3370
4038
9742
1893
427
7323
4963
2927
3527
1596
2079
6869
5484
1667
9411
5591
7963
5447
4704
4612
5070
3105
71
9738
7023
363
7559
5181
7039
6492
9723
3796
8660
8119
8947
6636
7214
9384
2096
3008
3770
6248
8788
9114
7433
9270
2236
9681
7916
804
8936
9812
4978
10183
5069
8163
2688
3691
6381
2113
7184
5970
4014
7931
1138
7457
3776
2844
9908
367
6858
10106
2287
2924
8672
2195
6337
8137
3023
6647
7446
2655
701
2581
6085
1747
7880
9566
10186
1645
3097
8365
3926
6956
5477
9618
3618
3141
732
8337
2678
3848
6100
9554
1658
9336
4205
3322
8275
6453
5104
5997
3773
3947
889
7847
4302
6928
3559
4583
8470
3557
7185
2637
1140
6969
2795
7869
2505
2621
3588
3875
5850
8095
3083
1704
333
1362
9159
9341
7547
1133
2249
8516
630
8237
2718
2803
10188
2644
4011
6964
5002
3994
7183
5858
8940
405
7492
4026
479
4913
5209
826
6282
3187
4922
8902
3715
407
4012
1896
2692
4742
10130
6671
6918
9066
5150
6631
5124
4448
2841
3033
1914
6080
9126
2776
4631
8257
1544
9032
8000
8972
2930
8537
7172
