7097
3362
4553
2382
5093
2152
3145
2042
1561
3772
4405
9967
5751
1171
787
2524
9886
2009
1861
3463
859
4581
1837
3422
9665
1965
8196
2763
1746
9359
92
1990
2109
3554
6733
1989
5361
1174
2301
4548
2897
973
1164
4879
8389
4875
3307
7219
4633
5268
4957
3232
6358
1487
8216
1636
7544
2371
2427
252
1993
1862
1392
5167
9838
1071
9327
3458
1270
2891
1580
3977
5173
2899
4430
1988
4388
1766
4487
5304
4052
3859
4525
1114
1550
1595
9778
6737
1856
3354
10017
957
1756
7632
2535
9415
4468
2008
1425
1691
1863
1603
3219
2492
736
4275
5624
2409
3740
5726
3433
706
8057
8228
8552
2888
470
5357
3824
5346
2522
753
3386
971
5707
2922
251
1607
684
4297
4681
4640
4461
2559
3227
3951
5827
6152
3254
2407
4460
2439
1486
1511
2900
3545
3544
2037
1251
4446
5246
3462
2611
5769
6274
9242
1786
3604
6404
2302
380
5925
3552
5180
8523
3404
6505
392
4343
2293
6389
1731
1911
124
3553
298
1414
4141
1773
3568
10215
7304
2128
4356
3589
218
4266
2822
1399
7034
4462
3175
2819
972
449
628
1007
3272
1558
4049
3927
3046
2570
3189
5749
4293
2108
1604
3243
3276
5759
336
2641
3684
2016
2558
3339
9346
4494
9782
6054
3805
4806
4320
3332
1051
3560
2760
1490
5411
5296
4264
202
3870
3355
1306
2787
424
6042
3185
4279
8444
3500
3508
6799
1729
2365
9764
1985
5641
2183
3420
4291
123
5728
3401
1608
3713
4296
2358
155
2186
2074
145
4389
3414
9953
7310
1832
2223
5134
1821
146
1203
8809
10161
480
5689
4567
9132
3598
2923
1891
3245
5135
3658
536
1898
2298
3569
179
5956
4170
4560
8946
1690
1003
4752
7981
2018
4579
438
1643
6109
1905
5428
4367
2351
134
7508
2065
6902
6321
3205
10094
9491
4795
2595
1044
47
1579
9621
2448
4819
3631
3242
5830
1676
6033
3710
4474
6779
2297
7921
4498
9986
1826
3293
3972
2029
4860
4691
2410
4745
4432
4495
2605
4915
3792
3263
3338
2189
729
8116
10078
2369
1857
62
2187
4140
5305
4894
8918
5659
2035
6102
63
4060
2106
6993
8307
133
8723
3310
3808
1983
110
2039
1012
2045
2361
2592
1644
8968
1566
4618
9561
46
2757
4484
3446
1933
2103
2019
1592
117
7742
1772
2970
228
7751
10175
3047
1796
197
3387
831
4464
4540
1654
5136
2863
4418
3924
2709
4876
5348
3551
1894
4530
473
789
2594
7004
7512
2797
3442
7814
3256
111
186
9868
4574
2544
2457
10213
7400
2343
881
4339
2421
1838
129
2260
1753
6418
3222
5406
5836
7535
1553
9124
3365
7344
7095
4331
211
1556
3421
5486
7065
97
8554
3334
7007
9761
8957
1172
685
2683
1557
3751
1368
2350
1975
1484
3928
2491
4700
4001
6397
1583
136
4488
3789
4537
4378
