10072
5103
3113
2891
2449
4056
7579
5596
6921
4725
8177
7113
4827
9328
6577
607
6662
7667
6488
6971
8663
8440
4252
1414
5517
5638
7002
8802
601
8269
9852
2455
2216
6853
7319
9432
1016
3893
10219
6149
8071
4194
5036
5173
7174
6041
1926
6432
7129
4058
2735
4621
4469
9285
3617
5767
9642
3606
5953
8576
6558
3721
9906
2472
3351
7501
6551
628
10004
4260
2123
6093
4345
5286
4397
1418
2568
8971
1654
2599
8267
7293
8049
7116
3895
5449
3175
1687
461
6550
7390
10172
8444
3673
3378
5876
6171
5460
4652
8184
6702
4452
4829
6720
2903
5739
4117
8508
6393
8741
2078
3731
6416
7941
1689
9415
34
9018
6528
7494
7324
734
8233
