3845
6536
4628
4045
7120
7398
7145
8229
2836
8047
3914
4945
7365
9099
7307
7447
9227
8412
9089
8943
6766
3772
5935
7407
5737
7288
9248
2386
2052
2882
4916
8439
394
2265
9347
337
436
9949
6355
1004
9133
9397
8933
1428
8741
5695
8726
4530
8480
2613
5714
9017
3596
4924
9935
7705
5299
9610
6052
7876
7386
6810
9861
7385
2508
6060
7200
6539
7773
8513
7686
8789
9624
5547
6789
10155
7622
1481
6150
9162
6209
7099
82
7060
4227
6443
5975
10049
3877
5946
9143
7381
5833
9990
2328
2070
8520
8316
4363
5601
1173
9240
3660
7992
7624
7336
6385
9167
8358
4104
6654
2219
8889
6848
1975
2046
10095
5661
7124
8593
7345
6735
3846
6619
10192
9190
7106
3764
3813
10087
8052
3081
6532
9379
4289
7597
3508
7372
9334
8140
2304
8985
2791
2357
6618
8396
2922
5307
8953
7371
6932
8507
2724
9002
10052
9796
9597
3812
3819
4265
5846
5878
5893
5890
9313
9649
8422
8998
9577
9654
820
10068
7690
5257
7223
6030
5795
7908
6151
6473
6372
9807
4611
4586
6121
9378
6938
4521
6743
6369
2468
5074
158
6806
8305
6040
10048
166
7805
9874
6135
5764
8048
9867
2936
9107
14
7708
1946
6701
2432
8178
8063
3036
8236
3333
9342
8818
10094
6226
9113
8722
3446
5988
9186
9895
7973
7552
188
26
4866
7802
7344
1933
85
4860
9814
9823
8715
7422
228
7160
9585
8356
2880
2340
3004
7710
2003
7656
8689
9382
6367
5049
7733
8313
4423
2981
997
7894
8134
2266
7843
2495
2554
9522
7067
6113
3714
2549
6974
5560
7366
5597
7746
6602
8611
9509
9091
3704
4597
9865
10053
5005
5677
8518
10222
6648
8109
7852
6764
7901
6405
4719
5945
6147
4593
7271
8319
9633
118
7077
3228
3276
8024
8558
1905
6235
10037
8282
8644
3655
6827
6921
6653
6412
8495
8664
6934
8666
5928
4670
4222
9501
5529
9664
7411
7334
9707
160
2904
5576
9739
9156
6612
6299
6924
5709
2132
8242
2860
2303
8076
9663
242
8615
6550
9120
3739
6418
8766
6260
6628
391
6978
7618
5014
2886
4909
4707
8232
3293
2572
9862
5389
9848
4601
9499
8886
4323
7619
2702
4915
7217
4858
3425
8780
3565
5458
6645
6333
9818
6282
6983
5919
6621
1193
6529
9346
5212
5774
5488
8847
6761
3723
4584
10011
6818
6191
8883
7042
9996
10099
7346
7269
9896
10072
