1869
720
2842
2893
1153
2632
1750
9870
9936
4072
9692
6359
205
519
1812
2237
1247
8869
9047
365
2221
9203
6088
671
5782
429
3781
699
402
811
2651
4206
9756
5470
8059
895
5021
2975
1115
4038
3441
10209
6089
456
7713
9670
1546
4226
8658
5977
7238
4013
595
8604
1981
640
2719
2740
7771
7278
2931
10137
2827
7775
8128
3419
357
4
8470
1189
2359
6625
9537
5122
8903
7864
1335
2398
5819
4087
2920
291
1354
1344
1220
9780
630
8559
1883
1440
353
8256
7203
3982
3776
8592
5931
4091
2585
4090
1358
2985
7121
7715
9470
4017
5926
3018
5504
4328
5425
345
8377
2678
8370
3935
4742
3040
265
1582
755
7481
9825
1615
3001
7522
803
3823
7810
8463
750
3106
10047
526
6492
2125
2184
2943
1290
7903
2816
6745
2986
3140
366
576
5854
2737
3115
1271
9303
7040
8214
4089
3000
7515
490
667
6159
3659
1098
10169
6081
3104
5373
6610
7869
981
737
8626
6414
2692
9912
9214
3538
2483
2444
71
9625
9587
1101
9512
1452
6661
2996
4021
3053
10180
279
4969
4161
1479
6381
3778
1135
1176
826
2752
6603
332
1641
9022
3537
1249
1700
6714
4203
8374
339
8288
8435
2913
4016
1078
8285
9063
248
8994
1532
7457
5151
8301
9800
2425
8239
2056
4665
8672
5075
3102
6769
4150
3997
7928
5456
9576
5776
7491
5214
428
1381
4135
664
6832
9681
5056
6014
4821
9513
4668
8094
776
10020
3777
7354
529
6270
7965
10098
3188
5170
5490
4822
7797
1790
1565
3488
4893
5848
9978
2279
641
7270
5461
3672
6634
8772
9319
2206
8585
7192
8447
226
6510
5481
