8917
854
3592
1005
5744
612
5256
2446
6974
1765
2642
7104
1937
6162
4476
3755
4961
3660
1810
234
1986
5430
5263
608
5238
9760
620
2521
2040
462
335
3811
1831
5996
4410
820
6209
4500
7169
10028
9279
2256
1865
8480
3128
3385
7551
9230
646
2024
1578
6665
1404
128
6985
1231
8745
2036
4959
5368
5129
9350
2738
235
5189
5320
1888
3786
1987
3311
1204
1416
5282
5664
9518
9509
7262
4882
200
434
10034
5443
3549
4269
4295
3190
5450
162
2214
2282
1489
9893
5783
6405
3312
7263
5369
5315
2141
7709
6932
10200
5298
5765
609
4601
1789
10095
223
6386
143
1202
4428
2066
651
627
1173
9091
6277
4906
5204
2014
3471
1720
8578
3231
6352
4255
3671
2329
786
1617
2619
1867
3165
8916
1647
1316
1801
5074
1508
6765
969
8014
5737
8876
5760
5899
5273
761
3620
5723
4507
1552
6476
6164
1258
788
3950
472
7725
55
9462
9228
1776
10171
7465
4623
3036
3214
2101
2562
4481
8387
2245
5770
113
4401
6194
5016
289
3738
1019
1124
3590
967
4910
7816
1496
152
4590
1605
752
7791
4061
3118
1732
247
948
167
5299
6768
4519
5187
9358
3507
112
8909
191
1393
4463
2169
4236
1632
2563
6760
4326
4527
125
9635
2557
8098
8920
5283
82
4855
1192
8147
6423
1984
3297
163
6868
2668
3253
9835
56
3548
7060
2773
1945
980
8756
2102
559
232
8111
5308
3335
2175
1583
6599
8861
189
1280
2299
833
685
8194
908
6394
1975
3334
910
97
8554
943
2408
1046
1172
3789
1892
1557
7539
2067
8897
9218
1834
5065
7923
8296
7347
6473
1838
1556
1623
6604
172
1723
98
3291
6061
904
2356
1118
1753
9110
2343
3316
4477
119
7400
9375
1086
4408
9233
7007
3739
881
4552
7074
3365
230
3509
4574
2076
961
2260
2421
1368
3421
1066
3551
7344
7095
9761
2544
4876
2491
129
473
3120
2948
2691
4530
7004
7512
1685
8959
1633
2542
3216
1653
4464
3784
222
2863
211
1553
4001
789
1772
3501
878
2969
2494
1592
2122
5136
1327
754
7742
3446
3047
2871
6418
4518
6489
9854
1566
2970
2019
2384
2757
2592
1796
1933
3256
4488
5281
1894
122
2753
4680
5406
2045
734
3808
4496
328
1654
8723
197
4413
8918
4894
54
5305
2187
831
3237
2028
3032
1012
4915
2103
4418
1644
1180
321
3892
133
4432
2035
8654
4691
228
4096
7795
5143
2680
503
3310
9124
2361
4745
3924
2203
110
9986
5830
2147
1971
1579
2029
2106
2410
4060
7696
739
2595
3387
1733
233
3693
7371
5422
3293
2297
2489
9220
2327
111
3303
6512
1767
339
8957
96
8968
177
5348
3565
9474
3626
4860
