614
2725
8281
6596
1412
5883
2651
9592
963
1671
1219
2986
1474
4089
6016
2051
9054
2894
1504
9966
5081
6178
7980
5098
778
6736
4206
5870
4580
3173
4072
4930
1072
9725
2713
1411
723
5048
2484
4704
9792
2689
430
3597
4690
1150
6772
708
8869
2711
4935
2125
2471
3822
5891
8960
3203
428
4120
6037
8969
1189
3600
775
3837
5229
5736
8660
7081
3399
9381
4880
3909
1220
4514
6106
928
1922
4392
4189
1149
7012
5149
2687
194
988
4665
8617
7914
4166
3248
7037
1460
4191
803
9959
3058
5892
9667
986
8414
3337
3198
6159
9020
2973
7589
8448
2878
227
557
1546
9238
3982
1035
7614
2610
6324
9023
9478
3860
4063
2919
3147
2975
4037
3096
2499
2739
5803
7570
2403
352
8373
10042
2963
3850
3887
1452
6347
2726
8459
3905
5292
10193
4134
5970
5815
3336
9137
523
354
2658
6402
299
2833
8155
8128
6004
1099
4316
9275
3861
2056
3127
4856
9419
7044
5325
7457
6192
7349
9531
3460
561
8200
2929
669
5140
5698
576
1446
3018
4471
4440
4048
8078
5055
8639
1190
4742
5
3396
5040
7026
3862
4167
2930
2764
483
978
7150
506
4542
2049
2816
668
6534
5882
8648
8167
214
6116
2238
3005
922
3017
3701
9573
1472
3439
9254
2993
2794
8488
9364
8483
3948
9669
3020
3884
8095
6148
8163
5010
3724
5121
3364
7771
4937
6777
4042
4214
4130
898
3923
7024
6179
9414
804
779
6603
9391
8392
3193
3654
490
768
10116
2716
4689
5456
3916
9086
2870
5687
3146
8598
7326
3828
2055
3657
8295
2516
2198
4161
5184
9908
455
366
331
7484
2069
7471
9738
1361
2695
8625
9160
2826
4021
8947
2696
3054
2761
744
3114
7595
285
4834
3489
9758
3097
6570
6853
487
3041
9395
8936
7000
5591
9647
1743
3703
2944
4101
2731
2751
7664
8170
1708
7643
8831
5248
7173
5592
3746
5490
9742
312
3140
3095
4016
6381
7167
2925
8266
5401
5468
9747
4984
767
5009
5230
6784
802
940
6960
4898
2537
921
9251
3983
8162
7139
5884
7880
2060
2830
2765
5776
3115
244
2119
9216
3322
4822
4926
6573
6248
4111
7302
7608
5170
3766
4157
9360
5343
939
6924
3925
8547
4066
5459
6888
4215
9231
6257
5692
7192
2113
8318
9270
2348
4983
5618
1871
3757
4944
2588
2285
8219
1852
3715
1709
6191
2239
2604
2401
7858
5104
2002
4895
4102
9737
6279
1658
5670
5463
2976
5247
9471
7736
333
9820
2643
7370
5067
6703
6745
9388
6817
6836
724
10158
6080
6346
4023
9112
10164
8239
74
1669
2913
5484
2212
1704
8758
6259
9702
3108
9987
6875
3719
5559
5417
8306
4447
6222
5039
1851
7078
8490
8301
5199
2548
10188
7210
5793
8492
6125
8538
5521
6792
7799
3098
7279
3314
4330
7680
6441
4135
9076
2254
2129
4448
5464
5469
3760
7745
7757
9069
5185
9078
10146
5078
666
5322
4735
2837
6482
3451
4778
8117
3655
3271
1506
2214
6874
4406
3765
355
4602
5387
2634
3726
1453
4878
772
2864
3717
3663
8099
1138
6931
2667
8871
2589
5813
2954
4393
4685
4041
6786
2914
9447
1008
3627
7292
8473
4811
5317
2477
4708
7443
9827
8811
