2853
6255
2804
33
2547
5824
5509
9547
4598
6536
9750
5773
6624
7855
3037
1935
3611
9682
7161
7733
8012
7813
7796
7220
8188
8699
9786
8829
9356
7256
7151
2312
9416
8410
7163
9972
6318
4908
2582
3710
5224
5204
6142
6637
8713
5580
4190
8328
6190
5879
5267
9446
8966
7028
6110
7748
7749
9850
5785
7648
8924
7391
9176
8951
10152
10203
7719
9536
3543
5699
9946
6750
6833
7112
8593
6564
8186
2618
9229
7998
9765
2723
7905
4639
4186
269
8011
2205
672
5218
6673
8623
8563
2663
9098
6739
5316
9883
9833
6695
4896
8544
2513
9992
5554
4870
9631
8804
4982
5771
2566
4346
7452
8923
7032
2645
9686
6911
3809
8053
5255
4954
8234
8541
5838
1430
7542
789
8258
4105
5946
8885
9516
6199
5993
9981
9486
6609
8179
7548
9855
8595
8991
9999
7509
10142
7248
5261
5560
9693
8704
8786
7254
8590
5613
7576
7753
5280
6021
7466
1534
5044
8790
4229
5902
8506
6565
10207
9043
7018
8085
4894
7623
6117
4950
5312
2793
8835
10168
6583
4213
9879
7387
8744
5127
8894
9311
6676
753
9422
266
5194
5156
9172
8312
6887
9461
6881
6471
5722
5034
7330
9884
8928
9451
4595
6838
9343
6079
9521
5617
8521
9087
7612
8820
9296
4286
159
6340
9588
8705
10170
8801
5557
8601
32
10144
4219
8051
7841
9924
9055
3444
7830
6407
8863
6138
9237
10197
13
10034
9783
3709
8451
6020
6846
9542
4510
10111
7073
7047
4619
6675
2385
8429
7485
8354
9596
7835
8331
1991
8466
6258
7141
5467
8708
9025
1465
251
9355
7601
8367
9717
8326
7893
6434
4333
9517
5293
8465
2374
1056
9640
3344
1680
7831
5967
7241
3590
5581
7692
10090
6929
7186
8385
9562
8722
9785
4054
8654
9894
8353
5049
5528
6601
9688
4594
5031
5197
10145
8108
4992
6941
1781
9483
5961
1789
8288
6500
8150
8055
3410
4210
6445
7654
6483
3818
6809
9788
6468
9943
4169
7413
9156
2835
3357
8235
4914
4907
8125
1748
9951
4606
9072
5960
6900
4232
5275
5200
6667
8187
