1919
5367
1333
1749
65
10137
806
513
442
941
1455
1629
890
3517
568
1294
6670
1499
1256
8692
4310
600
2788
274
2698
344
615
3836
1366
634
474
477
421
1127
1106
3419
2997
894
3224
5808
114
8103
9280
1878
569
4815
6775
1331
137
1272
1043
633
9567
1249
1997
2762
790
5090
360
1317
2011
1825
304
953
1750
6792
5903
5019
590
10045
3835
1920
1199
6847
2748
446
6614
3208
418
2647
1612
1304
90
8332
6758
553
1117
905
8325
3976
917
2979
4128
6559
7715
7136
1200
1649
511
8324
10063
6168
1699
1598
1
4185
1548
7231
5881
2525
2898
1735
3284
544
8256
1158
2758
6026
1359
947
1201
1338
3857
1445
4466
3670
2381
5668
2818
322
4033
525
1518
1230
4336
721
1084
2166
1269
537
644
0
1792
6059
3056
1034
994
1046
746
1383
4153
361
4385
4987
2780
3032
379
1179
1107
494
2983
199
884
2185
7937
1271
2310
338
795
839
1284
3328
697
5105
983
2413
3137
571
2115
2712
1156
531
4387
1996
1995
3315
3217
1312
2636
689
1610
3480
9492
1325
1112
1286
3327
3361
2248
1101
6537
942
4073
535
9396
1277
7285
5821
2164
906
1161
10160
635
1436
3519
9170
8999
2518
4919
5649
4338
1957
1042
1530
2237
3319
818
3837
1761
726
3533
2426
2741
1961
4120
3249
4074
1827
1494
2856
1103
9193
5829
108
41
291
1155
4948
7892
1136
2280
6292
5082
712
10036
748
1052
4454
1812
5285
632
4374
798
1292
1650
140
3928
9181
2165
4538
4118
819
7924
1129
1673
3031
1134
2337
3520
8379
1058
542
636
6007
1183
2168
1268
2262
1104
586
2980
771
3388
974
618
3525
1942
1794
3608
573
9636
4225
1524
2652
4457
1239
9698
3885
3167
1407
773
1059
3972
3013
4148
1577
1519
960
3494
4952
549
2745
3071
1263
9641
841
1215
5449
1238
4641
4328
7982
