6066
5451
1935
8439
2513
2622
9079
8563
1395
3995
3815
3674
6624
9992
7255
4989
7308
9885
9657
5509
6122
386
6718
10065
9551
10008
8531
3819
6943
8412
7189
9473
5047
7447
5754
10179
7399
8316
3201
3318
6750
8847
6711
7874
5207
434
7489
7244
7889
2612
9910
8489
6554
6830
9519
8943
9106
3443
8698
2312
4861
4523
266
7062
8942
6261
6578
722
6029
4589
2033
5890
5978
5161
4287
1429
7112
7103
8179
4209
8507
6444
3845
10110
7758
8229
9892
6979
7899
6151
5629
9922
5774
9387
7861
2434
5073
9155
2950
7583
5307
8836
2798
2613
8633
6150
2965
7246
2436
3984
7773
4282
6605
5324
3616
1702
5196
8347
10013
4890
7408
8849
9826
5471
2675
3798
4267
2949
6595
8768
10001
6871
7223
5575
5118
7971
6741
7848
4357
6878
9765
9093
9895
6651
9545
6128
9755
8024
10152
7499
9753
9156
9294
4796
6166
4836
3769
9894
3612
6981
1757
8528
6490
3026
2883
6953
10212
6547
4663
5784
7466
5778
3450
10052
10083
50
9145
9259
3640
4556
7202
6502
9505
8971
2352
4265
6877
9169
5119
2598
6413
6764
8280
8146
6816
9806
10069
4899
8961
5637
8669
8548
5933
1257
3613
5788
8819
2966
9974
9713
3178
10018
8120
5439
9948
9888
22
7623
4104
4559
7558
8864
7416
9421
9428
8378
8045
4991
8109
9645
4312
8802
4221
10218
2243
2550
6675
7440
7507
2960
2402
8176
8995
8085
8611
4482
2921
4508
10174
4946
9055
6356
8451
8634
8408
9542
8151
9933
9186
2549
2317
7568
2674
8154
9427
7276
8034
8346
6798
9785
8510
5215
3768
10159
7460
6195
6729
9293
2539
5868
9501
6462
6255
7984
6214
5262
7375
2032
8090
8096
5100
8330
9146
3374
2442
8962
9634
4907
7533
4706
8636
9413
2981
6728
2590
4219
5969
10023
705
8443
9871
6856
9404
7185
5673
4578
9116
