8362
9477
6659
2123
6058
6243
7339
2057
6795
3669
1829
3455
10084
7744
6177
4994
7838
5924
5615
7249
4207
8656
6311
9207
3426
9297
169
4654
3647
3003
1713
7395
5907
7455
5566
24
7828
6368
6005
8139
8300
5476
3135
9652
6755
5195
3574
3579
4417
6268
6872
7175
6342
10221
4928
8083
7850
7236
10140
7093
4947
9268
8895
4854
9102
9291
7082
10104
5680
8166
9050
9276
4351
6295
9571
8852
7833
9741
2136
7212
5696
3101
7153
4032
9591
6591
5213
9330
7615
8022
8875
9969
8174
3681
8878
5998
8479
9423
7242
9302
3087
5620
9051
7235
9189
8294
4826
6197
5290
9101
8841
8517
1448
3462
1503
1505
3728
1221
10148
10025
5109
2355
7068
8858
7511
2276
9412
8782
4962
8710
4632
2396
5355
9954
7456
3576
10167
8027
6812
8600
2001
5708
8125
8850
6839
9675
9483
9640
8718
7640
4749
9687
6256
10027
6082
4449
6667
9282
9629
5610
8496
8138
6579
7886
3750
4845
9672
4843
2475
2544
6562
6876
8185
4979
6011
8402
5682
2130
6831
9801
4674
5353
3167
9043
7480
141
7016
8035
9784
8867
7543
5986
6500
7086
7724
4451
5363
6696
5534
7102
8830
9202
76
6862
9468
8320
4362
8711
3810
10101
4653
5030
4688
3390
8779
5168
9321
4722
5645
8249
9588
3342
6841
6597
5455
9989
2803
9927
6422
8209
9844
4592
6905
2623
7794
5867
9071
10100
8009
6545
6889
9694
6592
2988
9366
665
9697
2864
10205
5879
3373
254
10032
8417
5961
2206
6531
341
9752
9319
9171
9840
2393
2379
8704
8990
6627
4029
7594
711
8031
4284
2450
1014
9451
4384
9076
7558
8781
4846
36
3753
7176
8661
2510
8235
9539
2142
3676
8158
9603
7546
8674
6630
3823
6496
8792
7692
5314
7641
8505
7274
6426
7942
9689
8447
10133
6529
9968
3161
7687
6447
7835
7210
6935
2913
7829
9975
9847
8345
8749
10074
7780
727
