3245
3100
3059
1476
8247
2375
10153
6536
4267
10144
9992
8205
3201
3386
7733
7613
6992
6967
8432
2301
5093
4499
6984
8554
4724
3015
2738
5898
8933
1807
8735
4320
185
7244
6122
336
8513
2592
9782
6068
7720
4423
1561
2328
10176
7387
8601
4049
1828
2554
3469
10091
7256
7364
1004
4805
4343
8885
7700
6639
92
4306
7566
8180
4623
82
514
2225
5825
7889
4216
5637
9637
4159
1787
6514
5660
7584
1429
6656
8916
4652
7620
9241
7147
2522
1632
3136
10157
6833
6552
4977
392
6549
9079
2490
6797
3585
9010
5833
9559
3819
9168
6487
3111
9077
3145
3963
1483
163
2389
3554
9816
3446
8356
5177
7228
2255
7992
6334
4289
10122
313
472
751
2033
2834
5784
3232
2187
4732
5273
7148
8655
8744
3251
2645
3393
5426
7194
9764
10030
8049
10135
9143
1875
8540
8523
7412
2438
1966
7569
4858
7712
5920
9521
7499
1251
1591
9610
9002
4669
1529
5880
4285
2267
9182
8716
6877
9688
8909
9425
9543
10065
7647
5444
9373
6418
4282
6110
6789
7367
4628
9175
10115
501
9130
10088
1644
10072
2366
5683
3178
6472
4349
7807
8113
93
9784
5073
5661
2397
4083
7109
9129
8208
8074
7520
3368
2052
8905
7598
2244
5726
2910
9993
57
7894
2564
1461
10198
7676
4561
1579
5008
1933
5299
8211
8384
5282
3429
8236
9972
9359
8675
6440
8101
1865
10168
8210
1888
3594
8602
863
9633
1741
9095
9946
5162
9973
1868
8596
6849
9810
5717
6805
1800
7893
7695
6712
5823
8529
6655
6808
1946
5632
6583
1597
3613
6022
6617
1485
6957
8406
2859
6091
7188
7841
6087
3515
9548
10203
8968
8633
8258
788
1723
4204
8474
2829
7957
8779
32
5487
7784
7827
3944
601
5760
152
8948
153
4640
8611
10196
6113
7260
8369
9777
1071
5912
516
1846
3176
10174
22
2071
1470
1647
8583
7779
25
3633
9091
5710
7989
7344
9144
7830
2339
10156
4078
8970
3189
4729
2037
4706
10154
3240
9378
3578
997
7479
6551
9034
6871
2266
9167
7654
8535
3228
9482
10076
9104
4177
2521
7105
8131
9464
1902
5204
1394
5525
7053
7506
2032
4661
7998
2736
4193
5872
6196
3049
460
3374
4533
2303
3586
8605
3438
4608
8719
3444
9711
8803
9165
4526
8462
7011
7820
3768
441
9733
6300
5360
4372
8556
7110
8912
4792
5400
8015
7159
8696
10085
4222
7891
5434
8727
6590
8622
2149
10060
1397
10155
7315
1415
165
6799
9579
6338
5606
130
10069
9345
9461
9452
2807
4360
7080
5868
9097
5311
9933
4498
6469
2388
8606
9666
5716
9866
9323
8504
9338
3546
8804
7141
9518
9704
168
6419
167
10031
9691
5798
7612
7677
2447
1847
8868
4312
3294
2353
123
3093
4703
5405
4997
4095
8844
6323
5723
8537
8610
5706
9156
9139
6995
9449
5462
1142
8691
8469
6284
9848
3088
9462
9787
9415
2028
5788
5283
8357
3350
176
7100
9500
8032
4391
7777
4730
7234
1635
5904
2073
8894
9249
9803
1242
4283
3410
9320
7815
7604
8355
4400
4341
9298
8917
5489
7018
8739
9730
8297
1841
4308
8576
8106
8286
1090
8052
1488
6475
7868
3143
7029
3807
