741
2232
2762
1205
2825
1517
894
793
6559
615
2465
442
5747
137
1683
1355
7403
2654
1087
5964
486
3057
905
1302
2856
564
808
305
1409
749
2779
1629
4074
279
1438
4303
2771
2690
282
1274
531
2168
816
2310
4337
1131
1162
1105
1521
585
1126
2362
934
3532
3829
7357
1027
1712
3965
471
671
270
458
4465
821
259
3126
587
1422
4033
2679
574
1163
4386
409
3137
556
798
1663
979
445
2676
7934
3921
1281
1043
4036
3853
5808
1728
4192
2714
477
1273
1533
4815
4325
1333
950
1240
9203
5658
2325
604
370
676
568
1206
2075
8254
1331
183
296
5147
2786
1332
1304
1814
425
4065
5225
583
637
3692
1338
638
1288
900
2126
835
591
916
584
569
475
1289
2684
527
261
1682
7259
1648
509
3697
320
500
693
484
3014
3511
4999
1325
1482
5076
2698
4544
6359
2721
771
1439
617
1408
2820
1677
553
1522
2799
4582
2615
6181
65
2326
865
923
1294
323
260
842
1299
845
5233
2077
1042
554
443
6281
2182
933
7625
4387
841
956
1285
866
902
1532
4252
5159
1095
4563
2305
446
806
1407
0
1158
2248
2758
1154
2811
907
1752
4361
2337
444
291
1089
600
874
1084
799
4067
4327
5519
2528
6470
4103
1295
2333
580
6107
1764
925
796
766
2790
4750
7665
1182
1551
4059
662
1440
2170
811
199
5492
8681
3144
538
1681
1245
2204
864
399
5370
1447
1160
3863
283
1317
2115
1115
546
3328
4314
4686
5132
4187
790
196
3670
275
901
3593
3979
1956
917
895
5259
4470
1246
4003
1073
1371
459
1762
2247
2650
4143
2978
2855
6094
3464
6269
1157
1569
1866
2176
1652
4196
602
114
7136
1213
1627
440
1296
1509
2746
1516
3517
606
2979
1063
3787
4414
1125
1096
447
3650
1593
586
324
5669
861
3142
597
830
5226
1129
5583
5736
4119
1797
1455
6348
1049
1442
1750
1237
534
452
4069
897
718
451
3071
126
714
1884
3935
1763
1208
1788
5733
1047
1238
268
1969
203
3072
3327
1062
379
2677
3030
3077
2962
1859
1179
1097
10173
8436
5957
1441
563
7790
1250
3239
762
588
3867
1668
5681
1955
2780
626
1152
8225
1940
1992
2885
4292
5408
1039
1122
1077
974
1041
3981
1094
3138
3838
1092
6357
5071
6425
530
985
9262
1271
1678
1226
4112
3969
468
1675
2848
2296
1365
927
4108
3006
1267
9714
817
1287
1061
807
1074
2876
7924
1303
1236
1297
3061
2095
271
3060
1104
368
1711
7359
8670
297
3268
528
5301
3125
689
1540
823
9914
4195
4793
1290
1726
4339
1673
315
3928
2005
4081
7041
919
3910
780
4412
9703
2185
659
3980
1076
7937
2192
1715
496
3326
503
8349
759
815
4125
696
4148
3943
292
2953
1055
6304
2456
5512
3119
3836
1321
5503
551
2250
339
2502
1309
4120
1958
698
4100
1201
403
2659
1835
304
1531
952
1308
1135
715
3237
748
1705
1065
697
2747
10181
3716
713
3032
860
1878
792
1377
6672
2414
836
524
3941
1610
2489
3892
453
2742
2533
3520
3244
54
960
3591
6400
2652
819
2015
1319
42
4080
4182
3937
2720
308
2753
1941
7057
1722
2062
4118
6026
4096
6793
3123
2164
3117
362
955
3062
3547
2772
621
844
3974
840
1917
1539
2261
3249
4020
3632
4618
208
4315
3075
314
4893
2984
2531
2179
3315
241
3528
4880
2602
4137
4456
1543
2324
3377
1322
1326
2457
794
3505
4538
2872
4310
1292
728
3423
294
521
825
5057
764
1809
2977
1167
855
5025
1346
4509
2166
547
482
642
2224
3525
2384
1445
2021
3264
1733
7814
5513
4919
7603
1495
8270
2464
4496
2710
4121
8721
560
596
3973
750
4277
198
717
1624
2092
958
2911
643
4409
469
2526
1349
2181
5568
2797
2982
2517
5013
656
4413
1180
2202
8379
1370
3155
9396
5593
1577
926
3223
1994
2429
3840
1536
1775
4920
281
800
1798
1320
2778
419
6292
3265
4572
4406
2253
3855
734
7772
2647
4498
1998
6349
4540
1305
309
4381
2759
9122
1537
2017
2560
3908
4082
4371
3628
7483
1276
968
1018
9123
150
5024
5007
1369
2532
850
3972
4552
1623
328
10078
1523
2542
853
4329
918
2022
1086
1066
966
1212
3472
1046
9805
5337
5479
