1387
1188
1381
3183
1814
9080
4535
903
478
2305
2126
7785
4517
1712
3965
3324
671
2174
8481
323
1274
1918
1320
509
5013
2601
2639
3547
3212
1240
2167
783
1324
543
3238
902
420
3287
6861
44
325
545
3874
1803
1764
4386
1055
1030
9914
23
7644
7883
203
676
2832
576
2093
10181
4544
3279
7305
7803
4365
3855
1824
1833
3518
9439
570
504
5132
468
5625
4750
2796
3524
2006
3453
2192
2742
457
7966
1326
885
275
558
1571
3121
4459
4456
1088
1600
4441
3226
4396
3019
1423
5076
9960
1737
1268
627
61
4390
3182
508
567
1809
603
1365
6348
284
3720
7929
1305
1029
7918
419
659
2543
182
3666
2007
3475
5627
2370
2855
2089
6163
2624
4996
2295
4845
10173
2747
2105
2597
2063
830
648
2062
9636
964
2591
626
1407
9523
9262
840
1793
3076
1812
2025
3516
2805
7902
177
1229
554
7932
636
841
1537
3071
3886
8273
1524
2104
10036
645
4108
829
1223
4246
7933
647
3353
4647
1727
2652
8379
1183
2296
1533
1501
4148
3120
1216
2955
687
2346
1050
698
5829
7892
291
822
383
1739
717
861
9396
5519
664
7924
6918
5835
8999
4314
186
4225
1740
6210
1312
1033
5449
9578
276
2691
592
1767
3472
3856
1942
372
1651
5551
1370
2479
4375
2745
1791
9445
4074
466
3217
3525
534
4248
10216
7107
1161
2092
3752
1112
1996
9253
396
4161
531
3171
3137
3837
1325
8843
175
1134
3533
942
5582
4107
1531
9492
3327
573
2248
2115
632
4368
1622
2856
3448
635
1451
1263
3980
700
2909
5414
839
1107
4374
2413
4457
101
1084
2780
6059
2448
4744
1514
884
798
1318
1673
5649
1116
1271
2310
4336
896
1494
1577
532
9181
1619
3470
1284
1376
4153
3519
589
4116
7611
2326
3501
7347
593
905
974
311
1770
3056
8980
1721
1338
983
6883
