5992
4928
8276
9734
9105
8287
169
8404
9860
7339
7036
5834
6723
2240
4797
5219
4566
9476
9872
4605
9601
7804
4932
8635
8651
7424
7671
5120
7755
3510
3162
7782
9983
8311
4644
7573
7881
2529
5178
1931
9258
10056
9081
5990
9919
8511
6217
10074
5179
9219
8834
8957
9582
8816
6105
8062
9455
8122
9552
7298
9065
6408
9142
8662
9150
1389
6976
7417
8997
8031
9414
6753
67
8574
6657
10054
7351
8207
9209
3722
5542
9417
3842
8986
10187
2839
5981
9033
8099
6667
8568
8702
8853
8673
3672
6339
8530
611
6658
6498
5306
8879
5947
9312
7675
4992
8472
9310
7142
9969
9788
10026
8860
5192
6510
7854
3920
9021
8668
7279
2206
4893
6548
9236
1597
6086
1748
8415
4594
7633
8586
740
9231
3408
7237
616
703
8402
8169
25
5379
4436
8331
768
9998
8994
8654
1532
9148
10146
7946
7178
2378
8674
7069
9037
8787
9365
8753
7295
9260
6077
2964
5918
7315
4671
7928
664
7073
1249
8534
8491
4682
5967
9319
9355
5314
851
7945
4135
