1943
683
2207
1434
3417
5087
5548
1433
1881
2121
3624
6230
3434
1235
433
2038
6056
4415
849
1513
2188
1128
5972
2661
8149
1952
3381
915
1497
4411
7944
3270
1982
694
8874
6118
1657
6288
1498
4051
649
3852
3044
5332
1830
7938
2775
3164
3267
303
2289
1964
7760
3234
1528
8671
4862
2180
613
3514
6028
3521
4773
1222
326
6571
1372
1390
6895
4251
3485
1549
1816
691
45
655
7740
181
1855
742
1599
4988
104
1831
9619
714
3356
6202
1619
2801
7015
1351
695
809
674
1238
5407
3699
3957
552
3290
2145
4161
2503
690
2334
1048
1601
5364
9019
1370
467
688
4373
2100
1963
4348
1197
1175
3448
4107
2507
7982
1794
1858
6092
1059
9445
2823
8019
1951
1791
10160
1376
532
3894
1216
1961
593
542
2346
687
3388
2025
1239
1103
4497
1533
3204
43
6469
3031
1957
3319
822
1244
6430
2982
9253
435
4892
4641
1292
1962
255
4248
1843
1308
4546
3939
6829
3499
652
664
2296
1011
3013
974
702
9274
9262
4952
4118
771
586
748
7932
