9308
3575
3580
2906
7099
9344
1413
5189
9909
2705
6410
6365
9223
6364
2032
249
7747
3166
992
9728
7162
7028
3136
6523
5139
4728
5044
7318
7862
7156
5452
4536
3956
3817
462
8572
4869
3644
6974
8291
9029
5939
1057
8372
5718
6742
7138
5376
2991
2724
10035
4986
7766
7866
4376
9522
9881
9007
10055
5145
5020
5264
4976
8842
9776
7157
6321
8215
9449
8330
6278
8921
7939
5354
1725
7774
8171
7832
8882
6237
2628
6030
2030
10210
9644
5172
8575
8599
4772
9307
4305
6207
9745
1908
7586
4377
2332
2029
8569
9945
7358
5113
1019
1386
9030
1431
9846
10031
6406
6345
6522
5084
10040
6602
9415
473
9941
9345
34
1578
8508
5302
7286
6720
8612
2078
4452
7116
8184
3802
7055
2599
7950
4652
2061
2143
6411
6171
9342
7130
7510
4716
10172
8154
3895
9438
2034
9968
2555
6466
8387
8178
7324
2183
9834
4127
7390
8098
7108
