3490
476
3562
3478
8449
4115
1609
931
3561
2099
3506
3092
3481
3964
1194
9963
59
8688
1510
2405
6180
5587
914
6501
7909
3537
7683
138
951
3607
3564
7415
4751
7221
4837
1815
4178
919
7131
3179
4455
311
9620
696
3376
10184
4851
9901
1611
3213
3400
3479
9290
727
8618
602
6801
572
1813
3493
8436
5455
677
1721
2097
1781
9628
2162
7997
255
4820
8555
6035
3978
2722
3998
773
1772
5898
4328
9037
920
238
2168
1451
5626
5750
208
2373
3766
3286
55
1780
4212
9407
8391
1519
7940
2064
3966
8730
661
3981
3470
2120
1769
815
6883
7290
4116
3229
3498
1514
960
8769
670
7418
5146
8591
533
2245
3305
2161
1058
8941
84
9468
1622
2098
7795
4120
3045
5660
726
60
1507
4565
1352
2980
2774
5297
1531
3133
105
5899
3416
5414
2977
7611
2821
7631
39
2755
3499
7310
811
589
5285
2996
276
3629
1610
8471
1195
3063
6071
4743
1215
7107
3520
175
3472
2376
3480
3249
8142
9398
3941
201
6868
4250
5519
3069
6292
698
5082
1858
1910
2909
747
3184
863
3494
4952
4987
1310
1673
3972
1761
4919
8843
1129
4373
1277
2801
534
4641
1530
573
994
4385
4948
1175
1921
1231
4538
1843
5821
4744
2426
1995
2636
4454
2982
1230
4387
467
3430
3886
3204
2741
3957
5390
8980
7910
3445
