5840
5932
4419
4439
9127
5409
9757
7621
9197
9704
9741
8084
2728
6076
9354
4956
10006
6433
5704
7454
9067
5588
8512
541
3912
6008
9726
4288
8589
1980
7541
3970
2278
3301
5216
2392
8461
7146
6952
9317
3832
5254
7521
5511
4658
5675
6662
8687
20
1462
8398
6611
21
8762
4722
9309
6831
5355
9977
7825
9275
3736
8400
8248
6642
6127
7331
3638
8839
3099
8773
7600
4777
7090
8517
8016
432
9775
7415
3756
2514
3258
8351
7834
8848
3131
9334
8649
8273
6867
8771
4838
1885
9564
8486
3531
5914
3672
9277
7377
1923
6308
9443
4677
7193
5265
7019
4936
6707
30
8582
7882
3866
10217
6628
3170
4240
8875
2914
8814
7177
8399
8201
5516
7897
7021
6873
1584
6461
3800
6396
385
4235
6452
2587
6429
9221
5549
9503
9076
3021
5867
5117
2915
6316
2945
6506
8984
6763
10023
8927
8497
2869
5541
8795
10128
4742
4450
7840
70
9465
9066
9926
3374
5799
7638
5727
3035
8764
8257
7172
4967
9083
3022
4163
6165
9809
8350
9056
3834
5536
2692
10014
4631
2206
5724
705
9735
2032
5969
1559
8330
6533
7140
7533
8724
1228
9501
6982
7050
10089
630
9871
5209
5682
9928
3715
9126
1227
9983
6986
3083
2644
7606
9427
8678
8996
17
3038
2467
8701
5249
8182
7547
5570
4966
8785
7707
2573
1148
8252
8346
8663
2505
10047
6472
6141
7866
4583
8023
8637
2674
5124
10141
1418
7847
6463
995
4015
8176
8017
8034
6462
4798
8337
9341
8902
9930
6100
6003
7603
7869
8519
9785
3141
1133
6728
6734
8725
3687
3664
4448
7672
4913
248
3994
2795
7585
3639
889
5477
