1338
6633
9135
1410
6244
9396
7674
7550
7930
946
5019
4715
6094
7483
2713
5826
5587
2799
10160
4109
1759
634
1385
785
2697
8765
3306
1897
993
1950
1020
976
8690
3903
7291
1302
4988
1160
1811
1421
2155
6378
65
2827
1449
1443
7589
4985
699
7651
464
463
9679
772
465
1153
5896
9115
565
1419
8244
5496
1360
8240
4614
1229
132
7958
5313
1417
4841
1916
5862
2512
9437
1017
478
7297
566
930
1424
3642
1885
1666
5123
4084
3948
2672
977
3557
1709
9650
10195
1305
7055
4968
521
6702
3933
7947
4893
2812
5072
711
995
3379
411
3194
7754
6211
548
6459
2428
7741
9126
1059
8728
4767
7172
5592
