4435
6145
4938
5550
4940
7836
3330
5991
2417
6013
3468
6686
4930
6198
8638
9261
3260
4672
4847
6677
6185
5546
7218
4697
5831
7257
1390
5416
5875
4626
1211
6927
6193
3089
73
5217
4731
6562
7722
5350
6898
3153
6279
9702
5396
4662
1879
7996
2706
3767
7730
6012
4602
9016
8006
4667
540
5399
4316
5501
7215
6958
8814
2794
8832
5985
8057
4529
5602
5335
9238
4230
7504
7911
8407
2226
7736
2777
9255
1347
7555
898
9899
5437
6961
6455
2999
3415
3380
5531
5628
4194
6202
7873
404
1968
3567
9758
9363
6341
5083
2390
341
6305
5202
3331
7430
2850
5440
4234
4713
3958
2530
8208
7467
8153
5485
4482
3411
7404
5848
3152
7582
6566
6631
4396
7242
7945
5321
9534
2946
410
5497
6130
2589
9978
5461
1565
7477
255
5395
3926
4668
4821
4914
1381
6006
10019
8922
7659
6668
1790
8416
10092
6096
3646
5776
8628
5490
6215
9527
7337
6690
7977
8534
776
9593
226
5578
5056
1343
1585
1724
7457
5456
4150
428
5584
7270
9847
5275
7896
7893
5528
3537
7692
6601
8132
8089
4210
7139
8131
8570
9517
4176
7837
4016
7192
1781
1641
6307
7797
6660
9513
6714
6593
2378
8150
6769
4198
9025
332
6804
3053
10180
10090
1135
5421
7946
4161
8285
9688
8326
2425
7116
4822
9998
2056
3997
851
7735
