2134
8461
5840
7883
5734
9721
9557
1694
5811
7023
2321
10223
5732
4784
6101
2511
7881
7577
7701
7475
3292
8551
8265
176
3301
5666
156
7211
6521
8690
3801
7341
1475
6709
3147
3435
9591
2847
3668
7044
8758
4856
8893
1191
6829
7999
1457
4300
3440
8290
3654
2422
8742
7114
2048
2504
2794
3110
4897
810
7233
6861
5983
1318
3949
8731
8838
9383
8430
9661
3725
371
4199
5069
9291
6331
7222
5474
4758
4778
9301
2875
8687
8114
2214
7760
8040
7462
1503
9339
9679
8266
9419
3172
6761
8779
253
4680
4818
9316
4419
1573
2213
431
1901
7484
2342
8162
6429
10119
7207
653
3064
6447
8873
7081
7179
8732
9842
1806
2372
6890
2854
7384
9613
9468
4786
5720
7704
2575
9533
9977
8598
1458
8645
4612
6437
5241
2510
3922
3715
4905
3990
6961
3683
6362
7317
1342
5552
7171
3425
1670
2157
8421
5419
664
4775
3345
8775
4819
7789
48
7350
2702
7664
7185
9998
3107
8615
4737
9700
9996
9156
3306
1001
7859
7277
8753
6312
4114
6125
2401
3130
8996
6722
6628
10011
7226
1900
581
1193
7879
4925
7684
2285
9989
3723
7488
7346
9499
1146
7191
3970
8425
5503
6406
1291
7273
6529
3360
4909
6596
8160
5559
991
2193
567
4515
6282
944
3680
9530
6346
3565
9474
1411
2453
720
2475
6976
5216
8725
205
7698
9663
4830
8401
6738
6550
3796
7040
2733
6636
1906
2111
370
9270
1139
9192
7901
6804
10147
113
7594
4888
9180
2563
4570
9033
4630
9563
5248
2851
4165
8597
8570
6132
9848
499
7852
4069
2363
8073
3708
822
2251
2694
3953
287
5677
10162
4984
10002
5229
3739
10165
5733
5005
1374
7983
10222
5478
9330
6708
2112
4088
1971
5850
10136
7041
2959
2117
7271
7707
4404
2549
6621
773
9078
9660
2571
