9
5066
187
4548
7335
8097
9318
6563
9287
6420
9676
6620
5794
6024
8913
2153
8166
3545
9206
9085
4931
7085
6955
6544
8182
9276
7382
7311
7449
5052
610
5260
3252
8434
7833
9189
9297
9571
5510
4379
6344
8446
6698
10010
8774
2315
5615
4207
4179
6174
3266
2896
9234
206
8822
8042
9933
8963
10089
7434
6
8904
5887
1899
5310
8152
1595
6561
9678
6241
9666
6951
6740
8781
388
7196
6805
6569
4741
10134
6630
7857
7395
9174
7828
5812
857
7188
8164
9188
7732
6578
8375
2828
11
9674
7388
9062
4311
8719
9420
8529
7867
9284
9097
8224
7479
7380
8104
9594
8044
1391
7908
9239
3135
6942
1802
2960
4610
8934
8865
8050
9937
9201
6197
4702
9808
8401
7927
7863
4606
2947
1401
9346
94
2433
2361
6900
9627
3357
2481
7190
7451
9951
8125
1559
4022
9916
9708
9663
5995
8187
9954
6616
9332
6483
8895
6062
9483
9589
3818
9288
9096
9655
5800
4907
8491
6941
9943
10145
5031
6785
5197
9157
10214
10196
4054
10075
7654
8353
2835
8447
9072
7354
5049
5200
10220
9640
5866
8385
2921
9659
5293
2656
3410
6014
5802
2570
7831
8465
7358
6426
1724
3590
3526
8131
7116
4333
8180
8743
6307
4169
1056
3034
6275
5584
5581
9540
9894
6445
2374
8354
5379
1597
3619
1789
4436
7315
6215
6731
1847
251
8787
10019
9717
7141
3344
1991
5918
6593
7633
10092
8724
6138
9037
3920
7563
1465
350
7295
8089
9542
8530
10111
7835
8416
9924
