3552
1606
4296
7137
1820
210
4776
3609
145
4843
7388
6962
8336
2523
4953
9485
6902
1315
8552
1218
1174
1822
3463
7252
5657
3354
1278
6572
8686
9257
3246
7826
5506
6495
859
3392
4816
5223
2298
3455
3571
5743
3932
4794
9052
6892
3581
3462
3821
2018
3615
3355
4676
1196
5719
3160
1785
180
4795
908
6478
4557
6103
424
3878
1821
3560
4342
8409
4427
4180
4031
2106
1114
5041
6044
4516
852
4581
6184
8580
3235
5304
2019
8946
4458
5330
3288
4344
4261
7560
9458
2544
5012
7254
1225
9590
5758
9488
2041
9839
781
3334
235
102
7699
4752
3299
4903
4965
5066
4783
6829
5428
122
7888
1555
7650
1266
9006
4911
5167
6065
4593
5293
1116
8975
3352
2074
4052
1637
909
7539
3523
3752
5709
1909
3601
3572
1037
3048
7910
3477
6072
8652
250
1515
3118
9274
149
4061
3509
43
2642
96
2073
1012
5406
882
4274
1265
3069
3471
1350
7369
4519
3734
3928
1946
4106
9498
1725
10060
1368
3907
9104
6411
2900
3856
3167
1120
4855
7490
5919
3205
7887
2875
6868
1263
131
829
1101
1856
1488
787
1310
172
2209
2641
4607
4884
1782
2091
1786
56
4479
9698
1685
5101
2440
4701
3171
6115
2376
729
8405
3500
4538
670
9109
