5974
2412
6897
6837
2933
4832
6098
1710
6039
7393
6186
10
7738
4933
89
3341
8441
913
8302
5973
6519
7043
6313
5932
5734
6497
4654
7752
5863
8091
3783
4188
6555
9612
8250
2197
8993
3308
4718
9600
6075
4738
6860
7384
4254
6485
7376
7850
4835
2274
8274
6885
2903
5142
2084
3397
8168
5611
9601
4634
9984
9800
4773
2538
7014
8767
3426
3898
2934
8525
3468
8587
8271
9117
4437
6452
9942
4698
9716
6582
756
7476
7588
4824
10025
348
1640
7379
6753
5735
7363
7463
4918
3260
4877
5068
8303
2396
7782
9526
7959
5622
9950
6541
9595
8317
562
8036
2603
3678
6212
7587
4097
6350
4956
2868
4672
9475
7301
2694
8420
1850
2536
423
1038
8487
7897
2083
1459
8509
9286
3103
4934
347
3283
876
6430
6722
8144
870
5518
2623
9066
9868
5911
8647
9757
3825
7316
6901
2178
9510
4008
3899
7045
6770
9889
3653
7013
5398
8132
5621
9136
2191
4620
2313
4382
10201
2139
4727
8314
6680
4830
7926
6290
6991
1779
8973
2669
8983
3081
5500
2377
719
7027
5151
6593
9424
6167
5876
4678
4708
6271
8567
5667
7534
8557
5251
2928
6542
2947
3988
9418
3599
8135
256
7727
7493
8940
1001
6410
6322
8524
4041
2500
3728
9830
8574
5169
8112
7292
2085
7445
5952
5813
4007
6367
2368
1453
5154
4685
4324
4586
3627
8066
1742
5317
6786
4878
6466
1138
4393
6074
5908
8676
8209
5878
3765
5380
9069
8099
6785
8117
4735
5403
3467
1906
7273
6220
2190
4135
2837
9078
1506
7901
9827
4448
6520
599
4973
6925
7396
4602
5787
4811
2477
6921
2548
4256
7077
5389
5793
772
8538
3098
2589
6931
9772
6521
9900
1851
8301
7210
6063
8114
10188
5039
8025
9897
5078
8407
2212
4778
355
7229
2643
9820
4023
7370
8871
1704
3717
9042
6346
8846
8239
6279
333
9702
6080
2401
2239
7680
6222
1694
7082
