2154
4417
1406
683
316
4416
6201
1434
3340
3624
1513
1943
2459
1954
7531
195
4270
2463
6685
5713
317
4528
2515
3566
2038
5087
2664
1169
3262
1842
2290
4242
2345
7961
1662
5396
3621
4197
4562
9368
4313
1952
3162
397
4411
1664
989
1128
2806
4028
2419
613
4237
4348
1864
3007
5245
2503
6719
3535
239
5685
1500
765
4380
8056
2208
6999
1830
4753
4503
2174
1944
4000
1170
4513
3215
4039
1253
4407
3424
4743
3534
4469
812
4354
837
4375
4539
3070
4779
4565
4693
3122
760
290
1502
5366
3221
1079
4501
8221
3711
9149
5407
5033
3623
2235
5397
3281
2961
624
3484
3964
1398
3564
6896
1497
1939
135
1498
2810
4273
318
7946
1855
924
2118
680
1000
5491
1916
1427
5605
2849
1743
5086
1324
9525
2480
8431
3204
139
3957
1528
4483
1575
7181
287
1166
4765
1839
3296
5390
3179
4101
3934
3207
1053
7487
8736
658
8086
1599
2383
9092
678
510
1684
4309
5337
3313
2411
1328
5365
1721
5094
5732
1373
3490
4244
3622
1790
4329
704
1276
6293
2805
5479
5586
954
334
660
3346
1254
1018
655
4641
2560
1836
238
4466
2971
4122
1282
8949
1537
1833
1453
6099
6512
4505
3367
4504
4409
5385
2862
7909
958
883
1305
1666
329
1951
5007
3143
750
1320
2532
7031
3628
3223
2017
3908
2877
735
800
8061
3931
1045
3155
41
1570
959
550
419
1576
2093
968
220
7022
439
198
4365
4381
1437
5729
675
825
258
2647
5415
1292
596
1370
3855
2350
2092
5024
4512
5431
9868
543
2021
3442
2517
603
1326
2759
4368
547
4456
371
2464
3264
593
5429
5900
4509
1714
2526
712
5013
8769
4700
2911
4531
7535
3315
314
3938
3632
3525
621
4331
1523
4537
2602
2520
2148
1323
738
6708
3366
1484
1319
309
1577
1307
192
3917
3240
9123
3520
1512
1895
154
453
1941
5836
2686
2984
1798
9805
3528
1734
4182
6793
1424
4538
918
4554
5422
91
1322
5253
3075
3505
1994
1463
8270
2015
2772
3978
241
308
625
1536
2151
3784
1660
4100
3423
7065
1775
2327
3482
2253
3459
2871
3748
3244
1543
3377
2624
3716
2982
2531
4120
960
674
482
4123
2778
4284
1835
304
319
281
729
2519
4020
1976
1214
6993
3943
4919
1659
2720
1912
3521
1055
1610
9122
5503
7074
2192
3565
4080
1065
3062
764
792
4315
844
297
292
3472
1958
5486
1377
362
759
9703
687
3550
2028
8136
4118
2261
4453
3125
3680
4692
5297
3345
1234
2824
2185
8349
9914
1135
4274
8116
3910
4378
