5992
7744
8276
8452
7702
8376
7339
7038
2057
7726
6954
6613
8334
9652
4416
5974
9128
8404
10117
10
7249
7811
9362
2865
1353
10136
9164
5990
3510
5221
5623
216
2578
6218
8004
7079
7817
3039
7429
7629
8520
5859
7588
9989
2241
6045
4687
8160
6861
9140
4688
3956
7926
9291
6899
5828
7253
5154
4592
2767
7945
5130
6646
8776
9827
9388
237
9795
9869
9479
9403
7239
8058
1568
3900
8243
9457
7342
2150
9050
6727
8989
9456
4425
7361
6855
4736
4711
9361
4813
9661
8361
9353
10059
8241
8100
4951
6205
9923
3086
6437
3087
8025
4854
5003
7051
8935
8812
9791
10101
6671
8090
4524
7743
2445
6798
3234
37
4990
10205
2841
8265
10038
2981
5262
8880
9404
8095
8972
3187
4648
6729
333
7896
8621
4175
8643
857
9983
6734
8408
7563
2573
8017
7507
3151
7707
5885
248
7849
7572
18
7460
5701
3943
1853
4448
9735
5239
1949
5722
9116
