1467
1829
6732
10079
7819
5987
8315
9207
5567
6344
6852
8499
6064
6354
8183
5289
8008
7988
4599
6464
5762
7453
6311
2230
5353
10140
7374
8104
5457
5244
7230
9727
8816
9100
7356
4637
4352
9856
3066
9622
3587
4490
7976
9791
9689
6431
9431
9276
3579
6326
5600
6044
3868
5208
2473
6947
7455
4238
8496
3329
1614
6683
2276
8682
6491
5998
2400
8600
4917
7718
2458
8204
4301
9809
6177
9603
8796
875
7649
7397
8856
9118
6916
9177
4030
2926
9844
9882
10223
6049
6704
7068
4723
6467
6906
9970
3192
7472
5545
5594
6241
9793
4445
75
9931
5894
8468
9683
10097
8650
7431
7548
6845
6465
2441
9842
6903
8997
7182
8319
8896
5133
6872
4857
4901
5772
7528
4317
8712
9572
9430
8584
4443
8967
6715
9954
4846
9440
11
6296
7872
3390
10039
6384
2217
4257
2308
5918
5786
6376
9385
6597
5855
7756
9927
8976
6857
3806
197
4912
7849
4333
7456
8860
6306
6862
6295
7432
2124
1337
7780
7439
9232
6233
6682
7707
8539
5537
9694
8866
7212
6780
8734
8238
5309
9709
6632
4050
8040
9361
6579
4720
7052
6009
2486
6517
7609
8442
9706
3558
892
3391
5272
7405
431
5945
8342
4845
9605
76
7444
5538
2275
7317
6129
5258
6101
245
1872
7884
9322
7585
9433
7498
8279
5905
7734
7503
8065
5569
1064
9768
1573
9613
5971
5680
9490
6483
7389
10024
3280
9014
7111
3148
2574
3539
6256
9036
4570
9839
7300
9939
7134
5777
8484
6011
7350
3157
5200
6057
9467
7565
6657
9695
12
8932
6409
4635
7873
1688
9075
4972
6787
1670
7154
3810
857
4053
9012
8659
6353
9563
2905
4696
2391
9799
4717
4701
351
5295
6445
5018
8021
8309
7922
3110
263
3896
10107
5107
10096
9271
10143
9926
8684
2378
85
7102
6289
5922
170
6917
6105
9574
3172
8048
7793
4420
6046
10086
9366
3954
8372
1899
9416
4803
801
2914
8702
4199
9334
5929
9771
3919
6843
4657
10108
9062
9500
4929
2467
5581
5473
2667
8203
4741
5198
6531
6328
9480
7556
872
3949
2793
2864
4047
2393
8768
6426
5034
4132
4980
3726
8981
4702
3170
6874
3832
6488
2932
3129
2634
4850
1008
5950
2129
9900
7144
9447
8073
666
6235
6688
4519
4190
4323
8343
6125
2397
9813
7619
6792
8114
8469
3156
5106
10219
7443
387
3602
5469
7273
5521
6820
3714
3760
8199
9763
8795
6486
6589
4629
10164
8100
8624
4568
5340
8453
2913
8737
6783
121
86
7757
3451
8054
10146
5417
2620
6875
5327
8025
5576
2976
8475
8845
7799
5484
7279
6018
1694
6220
8811
5670
2802
3469
6745
5814
74
8567
4228
8881
5796
9651
6441
7604
4330
256
2572
9830
7082
6602
