8445
10079
7626
2086
2452
2474
9929
1822
7236
8097
7451
7513
7610
4675
8734
4947
5624
3803
7554
3375
184
961
6286
9917
9221
7068
6955
8808
7089
5420
9151
3210
3648
7368
4645
8600
4290
7128
6977
1936
3159
8183
9052
2941
5775
3261
8342
246
4422
8573
1925
2491
2545
6010
6184
5690
8068
9831
7639
9646
7955
1887
69
8185
3046
4739
1003
8098
5590
6590
8111
1416
9817
6172
5060
9438
7494
1689
7717
4057
2087
9968
4293
3737
3802
7741
1350
8696
847
8612
8032
6779
8298
6393
6411
8267
5804
2699
8001
10108
6406
6247
5739
8029
8154
1885
9345
461
8060
1908
4094
2553
