4832
2038
1692
4733
2779
1438
9142
3432
8753
2252
4524
3839
7764
8527
10119
9525
6775
9567
3162
3343
3456
4278
7357
9383
950
4692
8093
5579
8016
7904
2767
7376
1353
4489
5088
8799
1364
3940
3435
2167
3851
3050
10015
4863
6012
7730
1116
7789
5665
255
535
2470
8898
4276
5972
6131
7987
873
2104
6724
7824
8588
6501
9619
9243
6077
6610
6666
686
8438
1384
8800
5522
5687
7653
6946
5907
6438
4347
4751
8290
8717
10120
2159
3688
5761
1538
7216
316
9304
2118
8635
9836
8914
9570
2221
5572
4643
9568
9040
3267
9960
1241
3417
4211
8899
6008
3537
1346
2652
378
3073
10194
4877
1026
1491
1136
5064
1722
2246
9455
1022
5938
9915
2493
10125
1379
5438
2788
1373
4288
1072
9929
1191
3968
7250
9802
763
3677
8118
9595
3559
3902
2307
3041
900
5157
7074
4155
1121
8285
4425
4653
6467
1205
8017
3804
10057
947
2935
8608
8233
3074
1
949
4107
6422
5609
6287
4093
9221
9453
5757
2168
5341
3092
280
3457
3689
4245
2501
8660
8937
5137
182
9820
3419
8204
346
9118
8771
4281
4964
3470
8566
8333
8275
10063
10184
2770
3947
5793
4441
810
1372
2044
9329
8562
3418
8972
2150
2931
9122
5649
6035
5046
805
1023
72
7944
6963
1913
6314
8217
4493
652
9135
5861
6436
4353
1806
888
4380
1469
7743
4151
3936
3196
4091
3702
4339
9591
7178
1006
7839
2831
1130
9074
10191
7814
7278
6672
525
3361
7912
8380
9158
3964
5808
7209
6428
8672
2600
643
2575
9058
8859
2506
8086
3761
8581
2256
7459
780
3952
6460
5096
8956
426
2270
3742
104
650
2942
5811
6557
498
2653
4341
9226
7768
907
3117
3359
3025
7792
1520
8747
503
8555
4656
618
1217
7403
3662
1243
2847
9982
9863
10137
6474
9781
8106
2693
6266
3807
2062
257
3496
264
1994
4373
236
342
8052
1488
8752
8900
1365
3027
1543
3023
2644
7919
515
4800
9744
524
3235
9325
2284
7815
3563
3200
3388
1024
5038
8311
1635
3107
2227
3775
3241
5114
9193
1666
5404
4391
1669
4042
1705
3024
8857
7094
867
1215
9288
9156
6225
9454
382
176
6641
1634
6220
6323
2846
6910
8868
6309
6007
906
1142
9298
1698
3528
2854
4793
2236
3093
784
7674
3141
1454
7069
4762
4395
4369
2809
2094
1752
1367
7781
414
8901
851
6419
6744
3142
2552
5491
4087
3591
3643
9629
1140
5835
2398
731
9579
6608
396
8226
7410
9912
10162
2867
2932
4985
6048
7891
425
2782
6343
796
2512
6106
782
345
7721
9452
1719
2884
7107
8502
2578
3084
8831
891
3327
5405
2616
2654
901
3491
6315
1181
9057
1377
221
1892
9666
