574
3284
3012
2698
975
54
1102
1450
9889
2783
8892
2222
6972
5079
6623
1701
2951
4174
4167
3436
6173
1436
2580
1596
1083
3888
6170
1027
5747
5425
3992
2766
2649
6004
2443
1028
6915
8079
8914
273
8318
1126
4770
2719
2627
9003
346
1022
5636
1692
1568
3605
6395
6181
618
5858
6669
4327
2843
1854
5237
9880
1081
2931
1705
2075
8060
1080
1420
1024
2685
5037
3025
2717
9044
2528
4117
1538
960
9703
3194
2844
6247
4094
925
8359
6416
7173
5015
10211
5059
4136
621
4035
8081
5502
6459
521
10195
2917
5072
3864
6202
7947
1026
4127
2031
9891
6185
3933
8561
567
4968
5592
3742
4524
2096
3378
6551
9800
8891
9569
8192
977
451
2715
3094
8728
7941
3680
