9402
4812
165
5872
1661
5780
3329
413
6852
7461
6161
5855
5125
7517
3192
7673
9207
7851
4451
8778
6123
5028
6811
9662
879
3906
3602
2804
9485
6973
7032
9955
173
5562
6615
8388
1614
6464
4910
4954
7742
7516
5323
7158
4809
5965
9819
4238
3363
8712
1340
6160
8005
3637
6916
5278
9719
9532
4610
3302
7660
7439
5923
8042
6740
5133
665
7538
6515
4613
1979
6688
8228
5696
6870
5927
673
5529
2199
6504
5560
8110
5472
5894
4660
10107
77
6567
8022
8161
9574
9911
5806
5807
10182
4842
7511
9997
10064
3210
1688
3806
6891
7669
2781
9850
9333
69
8945
5188
2874
5935
9731
5725
9588
9187
5798
16
7309
3741
5473
8908
8174
4659
4568
7863
2001
6794
3830
7269
83
10123
3818
8011
9732
10012
5616
2231
4044
2838
8173
6840
8220
6575
5966
9461
10206
8894
7765
9171
3727
7509
7709
5508
10035
8694
6132
7974
7978
3645
6936
5535
6234
8584
2220
7500
5418
7697
6812
4674
9544
9139
9816
2450
4802
8790
6407
9152
7650
3304
5832
7084
5156
6553
2845
8366
8539
6980
4232
1873
6245
9339
102
3383
7008
9101
8189
5061
6585
2939
8657
5851
5594
9524
7557
4201
7724
188
9517
5290
9653
7506
5673
1279
4649
5022
8594
6755
6235
8367
1736
8543
3067
9268
10162
1949
7585
9163
10127
7927
3371
8636
4706
6856
6454
8096
5722
6214
8981
4095
3816
8990
6255
7375
3576
7072
9302
5530
10159
893
9458
18
3768
4839
19
479
7606
10112
9616
5514
8634
5215
8000
4219
10165
4322
8962
7849
10222
8151
5356
9055
8944
9875
8809
2318
9928
7563
2662
7670
6463
8724
10066
2308
9421
8154
9865
7050
8451
4648
8109
6986
8378
10089
5239
4492
7140
6356
4312
6763
1559
9336
4104
9791
8120
