6518
1471
3168
2388
8646
1626
4502
7536
675
4476
66
4805
8143
9401
3555
6581
1404
4307
289
3790
10062
3050
8113
3180
9767
2282
7132
3206
612
6471
7964
5880
5632
8211
4869
6680
848
4808
2599
6158
9073
7286
5238
6023
620
1801
422
743
4295
8438
7465
8525
1031
9565
5562
2066
3820
4694
5764
8706
692
2744
151
6768
2336
7061
5315
1771
6706
1890
8014
6489
64
4615
654
650
1589
4480
10055
1817
5282
3548
4181
5218
8799
2090
510
8607
5273
9380
1889
4886
2173
6827
3671
7063
4914
4472
9986
6678
7647
8897
936
7532
9379
4852
4604
3962
2160
1104
6115
3512
3200
8460
819
4884
9834
7808
1327
4144
8915
172
9637
6712
8235
131
10031
9350
2067
2789
6594
6007
881
7118
3662
6430
1819
3771
5899
8715
3930
2691
4127
1265
1927
234
1341
1436
4575
1685
6411
435
618
3181
3693
5406
8253
9941
3471
9195
6091
622
3980
6164
4881
149
103
9104
7347
3620
8102
3300
9578
96
1507
7539
1962
4709
7499
1308
1224
818
6035
3285
8877
7929
1769
786
9971
2376
8212
4454
3584
3305
235
4061
8613
549
122
2100
5758
1882
