2201
293
6814
5098
1177
393
2714
2466
4734
4337
2958
359
8603
10180
838
3527
7436
4006
507
4065
1628
749
5449
4313
4923
209
5077
4865
5512
871
1275
5841
2701
1560
3910
4164
4336
2858
196
6269
4617
5763
6448
7030
827
4506
5337
3369
1108
2648
2974
4085
5670
6163
5913
4158
3871
7281
2717
7936
3855
6965
4824
2515
6509
2215
4370
5081
4093
5671
7925
3564
9617
4325
1256
500
6107
5000
2806
4627
3533
1622
2430
1618
2700
3042
663
2687
2287
5076
3064
7920
1332
1897
2489
426
1293
7059
560
2560
4263
3377
5366
3974
1849
2288
3695
3696
4202
2774
260
9295
1668
2532
8390
4395
6747
8335
886
1536
1053
9852
1478
5050
4359
6213
7181
5114
2978
5892
8403
4421
5159
8481
3010
4084
3656
5842
2289
6994
5024
5999
785
2399
4541
3073
3395
2608
2907
1079
3917
8765
1437
6302
5006
9196
8478
5822
415
374
3762
3487
1334
2131
8270
2169
5813
2671
7122
1216
1737
2011
2501
8660
1054
310
6309
9560
4686
6399
7070
9371
1539
10057
1154
3321
5138
7437
8677
1185
381
4618
4036
5492
3079
1768
3428
9853
8642
7972
8123
5712
6633
4004
5148
2112
4187
2759
9903
4753
2546
998
9858
7958
6559
5938
2322
5234
109
5740
52
4414
10184
3379
5495
5033
2685
797
9020
9484
1301
1355
1502
1698
9580
4103
5654
6842
7994
3275
6402
53
1285
243
949
6566
1107
6392
3634
2323
7912
6725
846
2649
7578
3325
5240
3536
1527
3716
8639
9400
6571
4126
4833
2813
1163
2984
5582
6803
1466
3504
3864
8223
2824
2534
6085
6912
5959
9368
1241
1932
7877
5741
5857
5329
6349
7750
5153
4002
4182
2635
3080
3697
6726
6304
8980
2311
6851
4442
4156
450
4642
6480
3569
8455
7029
8681
975
3009
7915
306
4755
6139
2682
3215
1795
8119
8851
3043
8081
7259
2621
1910
6626
175
931
828
2235
4575
6336
6188
1886
1132
1778
4074
356
4200
1097
7960
3337
2811
6681
2929
6204
5555
8588
6600
8148
2335
2253
5599
1755
382
4999
5468
280
300
2615
3973
4531
8033
10044
2227
1082
2848
5011
7903
54
3831
4250
3937
8245
1109
1040
9873
7524
2048
5226
9914
3061
945
485
1833
9683
3139
7571
3942
2525
6303
2054
4294
4145
2047
10202
2502
6084
7299
554
4804
8616
417
268
718
8194
4137
653
2639
2857
2808
5058
1460
1744
309
1516
6047
2879
1075
9370
1569
1063
5082
8225
9709
1660
5963
8130
5656
2820
6556
4754
606
5432
2519
5520
5414
966
4622
1924
4067
1427
2531
1480
2209
2171
6137
272
2898
8438
4133
261
7414
4880
45
6314
3550
1710
5326
1730
581
2058
3044
2451
6391
6231
4939
2348
1289
5431
6335
8433
6793
1151
9836
8992
6400
6153
9011
5648
2971
4905
5598
1738
6116
631
2972
5318
4071
1447
3636
3961
9123
220
1525
7729
5001
4974
2707
5057
8843
5827
5693
9529
1373
4062
2004
8955
7616
2596
174
1484
7711
376
3063
3163
3320
3296
4055
1541
2797
3885
5515
6154
1745
6246
4638
8562
3437
1697
277
4679
3795
8286
3966
4125
5413
3635
8107
5634
10217
6155
6379
5817
716
7535
7751
4366
6006
1396
4354
88
9273
4725
1960
6815
2756
2680
937
2488
7275
4693
4005
2881
4700
5669
2147
6380
8136
211
6028
8231
508
1694
5789
9222
532
4107
7776
328
5331
49
6187
115
6460
6280
8313
6749
1642
3294
6366
