1710
2316
913
2734
6854
5962
3913
3686
9278
7788
6650
7392
6224
5934
3468
9213
5351
7969
3007
3700
3278
3113
5334
6823
5954
4360
4485
6687
7959
5053
9598
9463
9442
6229
5288
2315
6408
224
8139
5561
4930
4172
1738
5393
10071
3708
2935
6998
2043
8261
7428
6541
7582
7682
8141
5952
1388
404
7006
6569
4558
3109
5350
7646
6576
5662
6120
2694
9729
3993
5889
6627
5638
4781
3407
2137
3966
3694
6129
9111
8133
1090
7527
598
8343
7076
1804
6674
5152
4864
4398
1703
4400
877
3427
9283
5498
15
9668
6923
7143
6563
5768
6802
4331
395
9555
5526
4218
3728
6236
1545
8827
9134
8071
8304
2406
6580
6542
9632
6147
8754
6310
10091
7245
4799
3271
4515
4841
5831
6361
5111
6271
7678
4997
8974
6126
8522
5980
6477
6307
7502
1038
8482
2435
2938
1361
7054
7
7329
2930
6905
602
10029
7778
6939
5423
9450
6821
7842
408
1581
1544
2776
4761
7999
6631
2136
8537
8494
6240
1587
4907
1896
7180
9722
7056
8153
6043
5779
1947
8442
5095
7984
2912
3920
7020
7234
26
5333
2590
3350
2695
5489
6254
4678
7480
7492
558
9655
9413
2249
5701
8809
407
3033
5100
10150
5858
6863
8519
3718
7670
5400
6472
6022
6080
3943
8470
4946
4747
5150
8631
5868
10188
4010
4026
9293
8246
2442
6195
8443
9138
2637
6918
8237
2211
4578
1362
5850
2803
8085
1853
10130
2495
4522
2317
5997
7568
3687
7672
4482
6003
9930
3557
8725
7743
2921
9875
8510
6956
9032
6141
2308
4012
5270
3322
3559
3773
6964
3848
2539
701
7631
8637
8252
9687
10038
5570
2718
4015
1228
1658
4991
5155
2467
3765
2243
8880
