6762
1219
1645
6814
1922
1184
2704
3697
10113
770
1130
2403
2072
1083
2194
1085
6206
278
5089
5004
3905
7448
6893
2621
1153
3398
4424
5910
9669
987
7314
264
343
2740
9049
3556
4955
1703
7048
6388
9770
9570
8414
986
52
4231
3084
2178
759
2415
6325
8515
3010
7600
3029
2837
444
8381
710
2139
3988
1093
3097
3889
3028
4690
406
2398
4020
3208
1185
5417
1346
769
3061
8821
2895
7963
1329
2768
8168
3447
611
4068
3883
299
9337
6803
3865
540
2320
637
539
2484
8547
2993
6402
1186
6192
1547
5128
2777
2471
4196
9747
2414
2769
2589
4403
2660
5520
3983
5524
4699
1671
2749
4617
9581
8925
890
1049
2055
2995
9880
3730
8603
3370
3641
4154
9064
7599
3773
3336
3858
2695
5962
454
2720
9592
484
3402
9281
3124
1359
2406
4538
6055
5259
1408
1144
5436
6858
1452
6085
1473
2416
1929
7497
6826
2464
1045
3989
2233
1426
2516
7024
4184
962
365
4689
3017
427
844
2069
773
1708
2104
3379
1672
3041
3011
5279
1110
4395
1096
5412
3464
3322
5459
4064
2211
6016
126
8141
8760
524
9114
1915
3149
7000
2050
1236
4970
4070
5901
6692
3313
3649
6815
2537
6211
2708
6998
1586
5647
779
3967
3987
7608
7983
1564
2731
4086
1060
8126
5733
6908
2604
10002
822
8772
2730
369
499
3495
5842
5248
4088
5104
6928
4984
2739
5477
929
6817
5488
5850
5458
2251
2517
2980
2924
4404
4069
5229
8219
2362
2733
5731
6708
6931
9771
285
1133
647
4080
5413
6596
6636
2851
370
8725
1032
4785
4447
2636
2112
4371
9236
2363
7698
5216
1314
5199
1411
8587
4022
4228
9270
2706
3021
4627
9636
7302
5389
4256
257
4004
3972
3796
6850
7488
7041
1139
7684
5559
3250
5150
3712
8239
968
405
2832
6965
6191
2918
5989
5942
3782
4775
10178
6312
3953
10003
6481
205
4211
1146
3360
784
2157
8558
10102
4396
6961
2347
5382
8645
3655
5503
2316
6976
7594
5570
6727
3683
567
9530
7081
7185
9375
6890
1001
6227
7040
4166
7171
1806
9554
6401
3922
2372
9035
3708
7092
2571
581
