3255
103
3503
9040
178
1625
5666
138
3791
623
481
2381
7929
2155
3121
3050
1626
4422
3814
3279
1209
4807
6153
38
213
3045
4517
3998
1375
2561
8324
6273
824
1444
1491
851
3418
5656
80
7703
1379
61
201
4062
4025
932
2258
634
1252
4988
5816
2277
1611
106
3735
9374
3069
330
107
996
3625
4280
3570
5347
6997
7920
805
3945
3583
3999
1982
2551
4760
5700
8260
3506
5377
4113
1123
791
4294
1277
8218
8777
4768
937
95
8525
1339
7982
1970
2314
1889
2476
5319
4744
7627
3159
3577
9406
9529
2300
3665
9453
225
2646
10131
3273
2956
4390
4364
3235
2283
2466
1070
6546
497
2479
677
1364
5886
832
1119
3652
1376
2699
3698
340
2607
2487
3320
1840
2890
4541
1739
3518
1754
733
4394
2997
9290
3661
1978
3835
3939
1735
7935
3168
6335
1938
1554
3721
3169
44
9630
1621
856
3856
4152
657
3940
4603
520
4573
132
3211
2756
9718
6834
3428
1966
426
2306
2111
8890
5378
1571
3578
327
888
605
4550
5676
2527
8430
7353
2666
6379
3171
2488
1755
3662
5277
8413
2543
1630
5341
7013
3267
2309
4543
2775
1300
8115
1638
1121
8033
1771
2372
681
2094
140
2020
3400
96
1369
148
2405
6271
4887
5504
5730
307
9220
9419
664
2373
1266
4369
9474
3483
2234
4721
2606
7772
5478
2616
814
184
142
8618
3779
209
3186
219
1848
389
2140
4692
8379
1841
2593
398
5391
1159
3265
6397
1298
3432
5017
8177
3303
843
115
5143
8901
643
2202
4277
2022
1212
495
4429
850
9396
1495
656
6292
127
150
1207
1953
4274
1768
3942
575
5297
8721
1137
560
3680
190
4920
7696
3840
7795
3603
512
3693
8082
1349
9246
1175
7131
8067
4165
8654
2710
1346
682
7133
3345
2181
136
6349
3751
642
151
1976
4338
186
739
926
53
3550
4572
5568
7483
4310
1767
2809
2127
1445
2594
10213
4271
521
887
319
2824
2166
2977
2680
4284
3117
728
1167
3485
4880
687
4371
2324
10175
955
7371
2624
794
5593
1722
4680
1809
1242
2652
469
277
2872
4569
6026
1655
4123
3547
321
3974
2062
5513
9854
7057
3938
5405
855
3133
1653
860
3973
1998
233
2164
4121
4082
9578
7603
2224
1660
2683
192
5281
2742
3836
154
10181
840
2948
2494
717
697
6672
4893
2151
1971
3472
1917
696
1309
2691
1659
1983
6400
2203
8957
1531
1290
3626
1624
966
6489
3482
3119
3978
2147
2369
2122
403
1715
2969
3123
3917
4148
524
8307
1878
2502
230
1201
2953
4137
1951
2519
4453
6061
1711
551
258
7022
819
3509
1895
8897
5512
3249
294
4531
9122
5348
5065
6099
4408
1685
7751
908
815
713
46
122
4406
1463
3366
111
3061
7937
3941
468
1180
853
1044
2533
1539
6708
919
177
6902
674
985
3565
1826
1365
2039
3739
4292
5486
