9966
6524
9723
2291
7527
6001
4825
6778
7473
7239
10132
8016
2431
7243
5222
9715
7824
8419
5799
3394
9982
9890
5109
8327
6417
9140
9009
8620
4877
3891
1872
6588
8278
6219
7596
8498
535
7706
3975
4300
8859
6486
5466
1475
6886
3437
6709
8767
4243
9495
9200
8009
3797
8647
10114
8720
8759
7972
7642
4871
2349
7687
8709
8564
9369
9215
9247
8640
7232
4981
5511
138
10177
9863
4898
7691
6296
5203
3016
3065
8907
8195
7284
7468
7046
139
9749
9684
6114
6535
4183
8632
9329
10083
8487
2830
4231
10029
780
9299
9925
7668
7194
8320
7770
9584
8509
8788
10194
1257
7021
7195
7221
1948
8585
7019
2104
6809
2338
8235
9116
8106
8724
7035
3105
2905
2496
8919
5170
6828
8755
5144
8542
8750
6832
10007
5960
5566
2279
8815
8055
6975
6270
5421
4232
6077
7909
6500
8886
577
5176
5410
7965
5075
9260
6468
1032
10098
5481
7491
5909
7241
6356
7564
1680
7240
8772
8108
6434
4682
7413
4665
7186
9026
29
3102
7125
7563
9365
9063
5151
5802
5578
9681
8674
350
9576
10020
6929
9217
5314
6731
9593
8239
5211
5866
9785
8180
8708
1176
8094
8753
10075
8722
9231
10146
7601
9562
2444
4396
2385
8374
