6897
4355
2344
8091
4028
7393
6555
10118
8939
8334
9015
1406
8485
999
89
2274
3426
10
6368
1664
6866
9832
8498
7025
5794
8479
4928
7361
6350
5142
6773
5221
2754
8361
6204
6576
5351
5828
5152
2208
5036
3735
3847
1210
9976
9497
7543
5027
5392
3830
4873
2313
4051
6717
9860
4688
6262
4402
6901
5099
3220
4467
6323
2437
4773
757
5518
6216
9027
2989
9278
4854
6119
7197
8222
2760
9506
5387
9131
7155
582
6012
8088
7689
9995
2116
5934
2459
5384
9511
3733
7363
7379
7027
5086
5026
9255
9553
2868
5053
204
8371
6272
7529
3295
6598
5394
4398
7493
7001
1707
7042
8533
1714
2341
7166
8142
4299
4399
6542
1403
2665
7092
217
1068
3372
5710
2394
7378
8973
9330
8209
4450
1875
8075
10099
1585
2009
9729
6130
5212
10153
2596
1261
5386
2316
5630
9450
237
6571
7931
4769
3782
7441
5420
1907
7769
9134
9264
5989
6882
9737
9668
5382
7853
2380
4512
2132
6727
8076
7266
6299
5942
6063
8077
7195
10178
4627
3293
1142
1032
7217
10136
6131
6481
5150
4168
6227
3228
6370
3250
9507
287
7798
9346
6978
2117
5199
1234
5576
5570
10003
6965
7707
301
6444
6931
7083
257
9896
10072
3712
3708
991
1374
2932
5739
6850
9180
3972
6240
720
7637
9120
5049
7067
9633
1905
7525
7084
2832
7894
4447
6113
6362
1314
3987
7040
