7763
3683
6403
6457
9005
8078
1015
982
858
7010
7005
6999
8771
8679
8400
5374
5465
7349
3171
7470
4625
2294
2107
1383
9374
8364
8840
5252
4941
5231
2210
1380
3588
3872
3531
2013
1267
8321
5572
730
4433
3908
3732
5381
493
5288
3275
6446
2477
1572
7685
7182
1021
8428
3600
2497
871
2715
4759
7133
3244
1348
3701
9357
8233
7900
4878
1751
479
5648
962
7213
10191
8910
9718
3324
3155
2143
411
4532
9759
2096
7172
4259
7772
8493
5375
5435
2998
2917
6211
2319
7460
9126
7754
451
1026
991
3220
7108
7981
8561
9905
7090
2286
8081
3094
3379
8192
7352
6083
567
3132
2331
2717
8728
1709
7324
3557
9941
9298
5804
1854
8359
5237
5015
1687
4035
2568
2699
3680
9266
4397
9891
7950
995
1059
8833
