1718
4555
9893
9328
6946
7287
3929
3507
1716
4208
2614
135
7632
3214
302
4577
8262
3963
1416
3176
9097
1695
5313
5553
9838
8299
1631
58
9241
290
3610
1232
1633
231
1784
9125
6508
1841
8888
973
136
7071
6638
5836
2023
3473
7312
5246
5102
4460
4587
1847
1512
8904
3298
4399
3492
1113
100
834
5136
4475
1999
9224
8082
9761
9803
8770
9041
9249
9760
1013
1492
4379
3454
6176
5639
8080
2299
2760
1674
6724
4510
3522
6535
8984
2998
7839
9377
6640
9141
5845
1389
2293
3285
6335
6554
706
8405
3222
8427
624
1526
3240
6940
8227
63
2005
8954
4129
862
5640
3675
1717
1566
4525
7262
1318
3608
4331
9172
4892
8616
189
7321
9548
4378
8550
7746
4326
1307
2440
6689
7257
2262
3387
7986
5738
1535
700
1823
7123
1740
3445
685
130
5507
2438
201
6143
9109
3500
7251
2448
108
10043
2809
3780
786
8253
4546
5582
57
6439
7319
1857
3293
4701
1264
6522
896
3269
3885
4388
2819
1876
878
2640
8980
8338
5390
56
1786
2281
9971
5955
3430
6537
747
2209
6469
4268
1488
4159
3526
1052
9641
2267
3300
10216
140
8959
2165
1223
1782
4375
6712
5709
2326
1197
5626
8476
8471
4709
3904
3846
8019
1819
2897
712
2875
1921
2736
4743
1198
3497
6163
3205
882
8142
6146
5407
1244
6069
4565
1050
1215
329
4246
7647
2237
3118
5449
1391
2078
964
2128
5066
3048
4338
2624
3049
3120
103
1120
1231
7310
2823
729
5167
6109
