4532
4244
5210
999
1513
1188
3220
412
3218
2012
416
5055
1323
5636
6670
4263
3867
7092
4748
5217
7231
1398
3233
314
1154
4100
9292
2887
5342
3381
5505
437
3650
6867
3077
869
1693
807
209
1701
5149
8958
3150
4092
1329
5482
6203
8736
1699
3749
9947
8003
1976
2579
2824
3040
5603
6310
7303
3281
2182
1102
6854
3530
3938
5383
139
1932
7997
3729
4509
2725
2800
6757
5779
838
9080
1304
9399
1330
3666
8760
363
5782
8645
1283
4686
8497
10124
8674
9252
6453
2821
7505
4483
9215
295
8629
4039
1788
720
3085
9159
2872
9406
1422
3955
1423
8004
3905
2423
6055
760
3006
2747
5225
3238
8748
6265
578
4173
8714
10014
5080
2682
3516
4108
2259
1068
8072
6449
5122
4503
1915
9815
1587
4470
546
9614
4040
1020
7916
6288
7737
3070
894
229
4348
5045
2390
81
3921
795
10164
1169
9403
3208
5485
2000
7411
523
741
5013
3785
2419
1854
4758
4172
9991
468
1076
3057
9225
1359
6015
561
1967
2601
5897
8348
4110
4963
2789
8019
9891
358
1210
2801
4970
1439
1456
5270
6587
284
9698
10178
10138
4921
4777
765
311
6918
8092
3614
5241
2746
9405
10061
2514
1816
9724
294
4212
1437
1272
4225
4123
3651
1613
5951
2540
874
322
8382
4804
415
7075
5147
4146
491
4774
3748
5203
164
3481
452
2527
3649
373
7665
7487
1914
4658
3504
6262
9714
2210
7224
3063
3324
935
2712
1462
73
1677
7253
1859
2851
4075
8670
1564
9490
8070
5691
393
3072
3629
288
1466
144
3931
7289
3691
3708
764
8964
8685
377
3826
984
3030
4760
1111
8198
1501
5831
1010
1958
7602
4271
3467
2615
2075
1048
1596
6835
3187
9081
6538
2138
3028
9531
2257
3082
868
1371
6119
7348
1884
2195
1363
865
6480
6677
1482
1545
7810
204
1085
5413
2088
3376
4545
4088
9805
4071
9398
3309
2732
7596
8020
9658
494
5954
7029
8665
23
2581
3641
3946
7909
4149
8807
3035
3126
9709
3143
822
7642
7429
2654
4035
4576
451
3882
7193
6958
1357
5494
2350
891
345
678
1719
7868
8502
9285
7276
1510
3084
7859
6106
1181
4002
8731
1426
782
403
734
2957
4453
5463
1836
4987
6048
8226
3001
3169
2398
901
8831
8880
2022
5489
2867
1090
2593
2170
6019
189
796
4321
2782
4400
1377
3142
7808
8806
9864
425
4587
731
3350
1101
3327
8729
6315
8458
396
414
7892
8067
4762
2236
7674
9535
784
4087
717
5949
8537
5867
9057
2854
1751
5835
221
2932
6343
3141
2846
9912
4369
6309
2809
7094
4406
5462
1698
3528
4985
8469
382
871
1656
6526
4042
1669
9323
2884
6225
5114
3603
3241
2094
6608
3024
7677
1024
5404
1666
3563
2424
7919
4395
342
4800
7069
4360
4272
8857
1454
3491
8311
1841
549
5491
2284
867
3076
3023
3027
257
524
9325
10137
6007
264
3775
906
7251
8286
2512
3591
7403
5811
9580
7234
2062
1397
7389
3200
1520
9781
4793
2227
6557
7080
515
3107
6220
8683
7534
