3759
5915
4935
1412
1446
4077
9080
5279
912
775
2715
1616
5425
3724
2917
1036
8424
5882
2842
3850
5844
4943
3198
6037
8626
7722
8459
3486
9804
6975
9065
6089
5941
1378
6586
3112
3058
2740
3364
7864
2703
9173
3876
1247
679
9481
1072
488
10041
7448
2089
519
6736
7238
1667
8363
5214
3248
6784
10058
7493
4038
7211
9026
6634
8639
1665
8364
4804
2051
2743
8757
630
1613
9514
3955
10113
8640
10098
9592
709
4013
4037
1344
7983
3691
6038
9660
9525
7203
9738
3097
2238
59
2485
1085
9557
4021
7562
8478
9360
1533
5336
4471
4624
505
2732
2584
6325
2251
2198
9121
8281
8093
5782
3
2749
5110
9470
9769
9391
3897
5971
8532
2625
412
5931
4736
9822
2637
3841
9685
10046
9581
579
4782
3096
8503
8581
7425
9068
2228
5427
7570
286
9567
6232
6959
777
4092
5412
8226
2627
3843
3193
284
7684
1880
4766
9656
9063
5010
5968
10067
5571
6826
9988
5703
1248
9388
2782
3702
9690
4814
2395
8259
778
1291
3903
7488
9812
7716
2840
7958
5883
1141
349
7963
3370
5078
6970
5206
3990
3382
6493
8463
3991
2548
7877
6252
8514
6666
8903
7581
1896
1981
6417
4133
774
4302
8658
9314
2688
1930
4904
74
6937
4018
6070
9696
6961
5910
8181
4034
2752
7126
3948
5848
5948
6414
5176
8454
1711
1187
2571
9056
6492
10166
970
1143
5815
5977
9798
8969
7039
5131
9658
3997
1747
5990
6769
8254
5229
4922
8673
2929
9573
7459
3833
5171
2643
5577
1473
5070
555
639
8365
538
9978
2629
7409
9490
6956
7965
9959
732
7668
6169
7215
9013
719
4167
9780
2841
10047
414
9821
4218
483
4913
4856
1904
2609
4066
1700
7858
5373
9650
3131
9925
3777
8159
6924
2334
7635
5105
2347
9161
7325
6781
1479
3528
3679
6078
2507
8006
5201
71
9847
3719
9216
9794
2626
8831
2477
3033
5067
7233
2976
8619
9179
6700
6447
6631
6568
5559
9058
7210
1381
9602
10133
8162
1356
5163
3901
4117
3823
5372
5211
8257
1679
7471
3731
3760
8749
8425
3632
2184
6093
5602
4612
4671
724
2177
2913
10130
3591
5901
5051
8940
5480
8977
9865
2866
5399
7530
5479
6622
5474
9747
711
3089
9634
2284
9617
254
8825
2338
5018
9459
5220
84
2864
8145
3150
8752
1928
6533
4717
7906
826
10205
4029
6738
7859
5339
3095
8534
1459
7394
3529
